# Force and moment coefficients
# dragDir     : (9.961909e-01 0.000000e+00 8.719920e-02)
# sideDir     : (0.000000e+00 1.000000e+00 -0.000000e+00)
# liftDir     : (-8.719920e-02 0.000000e+00 9.961909e-01)
# rollAxis    : (9.961909e-01 0.000000e+00 8.719920e-02)
# pitchAxis   : (0.000000e+00 1.000000e+00 -0.000000e+00)
# yawAxis     : (-8.719920e-02 0.000000e+00 9.961909e-01)
# magUInf     : 3.000000e+01
# lRef        : 2.000000e-01
# Aref        : 1.200000e-01
# CofR        : (5.000000e-02 -3.000000e-01 0.000000e+00)
#
# Time        	Cd            	Cd(f)         	Cd(r)         	Cl            	Cl(f)         	Cl(r)         	CmPitch       	CmRoll        	CmYaw         	Cs            	Cs(f)         	Cs(r)         
1             	3.335859e+00	2.093556e+00	1.242304e+00	9.268134e+00	1.514517e+00	7.753617e+00	-3.119550e+00	4.256261e-01	-1.170428e-01	-6.719436e-03	-1.204025e-01	1.136830e-01
2             	2.218382e+00	1.456081e+00	7.623005e-01	7.027486e+00	1.287201e+00	5.740285e+00	-2.226542e+00	3.468904e-01	-8.581376e-02	-8.555618e-03	-9.009157e-02	8.153595e-02
3             	-1.290412e-01	-4.273111e-02	-8.631004e-02	2.132983e-01	2.191991e-01	-5.900783e-03	1.125499e-01	2.178946e-02	4.376231e-04	-9.320540e-03	-4.222647e-03	-5.097893e-03
4             	-1.632039e+00	-1.034488e+00	-5.975506e-01	-4.497670e+00	-5.840495e-01	-3.913620e+00	1.664785e+00	-2.184689e-01	6.062966e-02	-8.083556e-03	5.658788e-02	-6.467144e-02
5             	-1.464790e+00	-9.772537e-01	-4.875359e-01	-4.408852e+00	-6.710474e-01	-3.737804e+00	1.533378e+00	-2.448589e-01	6.302477e-02	-3.975637e-03	6.103696e-02	-6.501259e-02
6             	-1.846021e-01	-1.743877e-01	-1.021439e-02	-8.968743e-01	-1.927542e-01	-7.041201e-01	2.556830e-01	-8.208664e-02	1.624870e-02	8.221936e-04	1.665979e-02	-1.583760e-02
7             	8.437691e-01	5.046428e-01	3.391262e-01	2.198521e+00	3.033658e-01	1.895156e+00	-7.958948e-01	8.275831e-02	-2.694868e-02	1.820287e-03	-2.603854e-02	2.785883e-02
8             	9.234727e-01	5.918541e-01	3.316186e-01	2.653520e+00	4.469903e-01	2.206530e+00	-8.797696e-01	1.301177e-01	-3.545197e-02	-1.808938e-03	-3.635644e-02	3.454751e-02
9             	2.114034e-01	1.468868e-01	6.451652e-02	6.227313e-01	1.896769e-01	4.330544e-01	-1.216887e-01	4.118516e-02	-8.695100e-03	-6.988639e-03	-1.218942e-02	5.200780e-03
10            	-4.115608e-01	-2.691341e-01	-1.424267e-01	-1.288889e+00	-1.073853e-01	-1.181504e+00	5.370593e-01	-6.335367e-02	1.732381e-02	-8.956734e-03	1.284545e-02	-2.180218e-02
11            	-5.100042e-01	-3.501532e-01	-1.598510e-01	-1.653605e+00	-2.179019e-01	-1.435703e+00	6.089004e-01	-9.515109e-02	2.271880e-02	-6.734356e-03	1.935162e-02	-2.608598e-02
12            	-1.313673e-01	-1.074553e-01	-2.391201e-02	-5.137212e-01	-1.000834e-01	-4.136378e-01	1.567772e-01	-4.177163e-02	7.099899e-03	-2.510625e-03	5.844587e-03	-8.355211e-03
13            	2.400997e-01	1.410138e-01	9.908593e-02	6.559279e-01	6.716733e-02	5.887606e-01	-2.607966e-01	2.096393e-02	-8.938048e-03	-4.112630e-04	-9.143679e-03	8.732416e-03
14            	3.216462e-01	2.038072e-01	1.178391e-01	9.311145e-01	1.400426e-01	7.910718e-01	-3.255146e-01	4.298406e-02	-1.306456e-02	-1.732400e-03	-1.393076e-02	1.219836e-02
15            	1.188938e-01	7.346794e-02	4.542588e-02	2.854084e-01	8.031255e-02	2.050958e-01	-6.239164e-02	1.402103e-02	-4.143063e-03	-4.897995e-03	-6.592060e-03	1.694065e-03
16            	-9.173803e-02	-6.754276e-02	-2.419528e-02	-3.950291e-01	-1.389542e-02	-3.811337e-01	1.836191e-01	-2.167374e-02	5.308840e-03	-6.735375e-03	1.941152e-03	-8.676527e-03
17            	-1.479329e-01	-1.086669e-01	-3.926597e-02	-5.734664e-01	-6.371528e-02	-5.097511e-01	2.230179e-01	-3.470046e-02	7.967446e-03	-5.984985e-03	4.974953e-03	-1.095994e-02
18            	-4.524910e-02	-4.242714e-02	-2.821962e-03	-2.338241e-01	-4.517292e-02	-1.886512e-01	7.173912e-02	-1.980259e-02	3.323429e-03	-3.821662e-03	1.412598e-03	-5.234260e-03
19            	7.534258e-02	3.762651e-02	3.771608e-02	1.546765e-01	-1.950445e-03	1.566269e-01	-7.928868e-02	-4.478555e-05	-2.179714e-03	-2.491623e-03	-3.425525e-03	9.339026e-04
20            	1.096310e-01	6.155132e-02	4.807970e-02	2.455774e-01	1.904214e-02	2.265353e-01	-1.037466e-01	6.735812e-03	-3.887325e-03	-2.896955e-03	-5.335803e-03	2.438848e-03
21            	5.949224e-02	2.878228e-02	3.070996e-02	5.564351e-02	5.261855e-03	5.038166e-02	-2.255990e-02	-9.638375e-04	-1.738840e-03	-4.268947e-03	-3.873313e-03	-3.956333e-04
22            	-5.438507e-03	-1.550783e-02	1.006932e-02	-1.709531e-01	-2.418224e-02	-1.467708e-01	6.129429e-02	-1.278858e-02	1.279917e-03	-5.218540e-03	-1.329353e-03	-3.889187e-03
23            	-2.700030e-02	-3.084969e-02	3.849392e-03	-2.305484e-01	-4.208115e-02	-1.884673e-01	7.319306e-02	-1.734954e-02	2.402490e-03	-5.024286e-03	-1.096534e-04	-4.914633e-03
24            	-3.016330e-03	-1.584667e-02	1.283034e-02	-1.409515e-01	-4.435603e-02	-9.659549e-02	2.611973e-02	-1.433850e-02	1.435960e-03	-4.200513e-03	-6.642971e-04	-3.536216e-03
25            	3.124321e-02	6.832358e-03	2.441085e-02	-3.003561e-02	-3.871711e-02	8.681497e-03	-2.369930e-02	-8.789248e-03	-1.529999e-04	-3.599611e-03	-1.952805e-03	-1.646806e-03
26            	4.376772e-02	1.610233e-02	2.766540e-02	3.040621e-03	-3.386676e-02	3.690738e-02	-3.538707e-02	-5.781535e-03	-8.447873e-04	-3.650582e-03	-2.670078e-03	-9.805038e-04
27            	3.120314e-02	8.888915e-03	2.231423e-02	-4.476773e-02	-3.604668e-02	-8.721043e-03	-1.366282e-02	-6.712655e-03	-3.619941e-04	-4.136971e-03	-2.430479e-03	-1.706491e-03
28            	1.159045e-02	-3.818767e-03	1.540922e-02	-1.094753e-01	-4.411441e-02	-6.536084e-02	1.062322e-02	-9.613993e-03	5.835389e-04	-4.520118e-03	-1.676520e-03	-2.843598e-03
29            	3.118644e-03	-9.591876e-03	1.271052e-02	-1.306473e-01	-5.144527e-02	-7.920200e-02	1.387837e-02	-1.115120e-02	1.073978e-03	-4.511289e-03	-1.181667e-03	-3.329622e-03
30            	8.385356e-03	-6.157872e-03	1.454323e-02	-1.047928e-01	-5.393517e-02	-5.085767e-02	-1.538749e-03	-1.035055e-02	8.943360e-04	-4.226502e-03	-1.218915e-03	-3.007587e-03
31            	1.821756e-02	9.995138e-04	1.721805e-02	-6.580775e-02	-5.135556e-02	-1.445219e-02	-1.845168e-02	-8.109266e-03	3.914574e-04	-3.993356e-03	-1.605221e-03	-2.388135e-03
32            	2.268816e-02	4.943150e-03	1.774501e-02	-4.767643e-02	-4.718874e-02	-4.876961e-04	-2.335052e-02	-6.400932e-03	8.873251e-05	-3.992947e-03	-1.907741e-03	-2.085206e-03
33            	2.005059e-02	4.111074e-03	1.593951e-02	-5.327938e-02	-4.414732e-02	-9.132060e-03	-1.750763e-02	-5.914218e-03	1.364464e-04	-4.159159e-03	-1.943133e-03	-2.216026e-03
34            	1.495157e-02	1.252105e-03	1.369947e-02	-6.495424e-02	-4.291471e-02	-2.203953e-02	-1.043759e-02	-6.223682e-03	3.635960e-04	-4.302030e-03	-1.787419e-03	-2.514611e-03
35            	1.263203e-02	-2.661629e-05	1.265864e-02	-6.506628e-02	-4.204989e-02	-2.301639e-02	-9.516751e-03	-6.342629e-03	4.947649e-04	-4.307944e-03	-1.659207e-03	-2.648737e-03
36            	1.442299e-02	1.541744e-03	1.288125e-02	-5.062856e-02	-3.983785e-02	-1.079070e-02	-1.452357e-02	-5.669753e-03	4.085758e-04	-4.213041e-03	-1.697945e-03	-2.515096e-03
37            	1.798293e-02	4.611090e-03	1.337184e-02	-3.117069e-02	-3.581899e-02	4.648305e-03	-2.023365e-02	-4.380376e-03	1.856065e-04	-4.131917e-03	-1.880352e-03	-2.251565e-03
38            	2.029731e-02	6.980145e-03	1.331716e-02	-1.753059e-02	-3.102697e-02	1.349638e-02	-2.226168e-02	-3.168509e-03	-1.553877e-06	-4.134462e-03	-2.068785e-03	-2.065677e-03
39            	2.039655e-02	7.740597e-03	1.265596e-02	-1.227234e-02	-2.671132e-02	1.443898e-02	-2.057515e-02	-2.457680e-03	-6.230726e-05	-4.198319e-03	-2.161467e-03	-2.036852e-03
40            	1.943214e-02	7.549915e-03	1.188223e-02	-1.060385e-02	-2.342542e-02	1.282156e-02	-1.812349e-02	-2.166157e-03	-3.623634e-05	-4.251928e-03	-2.162200e-03	-2.089727e-03
41            	1.892351e-02	7.552267e-03	1.137124e-02	-6.779576e-03	-2.071636e-02	1.393678e-02	-1.732657e-02	-1.909486e-03	-1.445535e-05	-4.254619e-03	-2.141765e-03	-2.112854e-03
42            	1.957776e-02	8.395292e-03	1.118247e-02	1.180690e-03	-1.789543e-02	1.907612e-02	-1.848578e-02	-1.393590e-03	-6.135642e-05	-4.214035e-03	-2.168374e-03	-2.045661e-03
43            	2.097241e-02	9.916569e-03	1.105584e-02	1.141020e-02	-1.452199e-02	2.593219e-02	-2.022709e-02	-5.696377e-04	-1.762100e-04	-4.173058e-03	-2.262739e-03	-1.910319e-03
44            	2.213686e-02	1.138346e-02	1.075340e-02	2.011880e-02	-1.096883e-02	3.108763e-02	-2.102823e-02	3.150279e-04	-2.967727e-04	-4.165849e-03	-2.379697e-03	-1.786152e-03
45            	2.260446e-02	1.236914e-02	1.023531e-02	2.596613e-02	-7.708300e-03	3.367443e-02	-2.069137e-02	1.066915e-03	-3.783278e-04	-4.188089e-03	-2.472372e-03	-1.715717e-03
46            	2.260716e-02	1.297152e-02	9.635641e-03	3.024482e-02	-4.940757e-03	3.518558e-02	-2.006317e-02	1.667939e-03	-4.196298e-04	-4.210225e-03	-2.524742e-03	-1.685483e-03
47            	2.264917e-02	1.354518e-02	9.103998e-03	3.489280e-02	-2.525238e-03	3.741804e-02	-1.997164e-02	2.220589e-03	-4.485342e-04	-4.208181e-03	-2.552625e-03	-1.655556e-03
48            	2.303145e-02	1.437004e-02	8.661413e-03	4.089381e-02	-1.390942e-04	4.103290e-02	-2.058600e-02	2.854314e-03	-4.956951e-04	-4.182634e-03	-2.587012e-03	-1.595622e-03
49            	2.364551e-02	1.536123e-02	8.284286e-03	4.731636e-02	2.283949e-03	4.503241e-02	-2.137423e-02	3.538471e-03	-5.625769e-04	-4.151679e-03	-2.638417e-03	-1.513263e-03
50            	2.426215e-02	1.640148e-02	7.860670e-03	5.345077e-02	4.792390e-03	4.865838e-02	-2.193300e-02	4.270404e-03	-6.410907e-04	-4.131149e-03	-2.706665e-03	-1.424484e-03
51            	2.463451e-02	1.721179e-02	7.422722e-03	5.825980e-02	7.103531e-03	5.115627e-02	-2.202637e-02	4.894532e-03	-7.028719e-04	-4.123935e-03	-2.764839e-03	-1.359095e-03
52            	2.478836e-02	1.778758e-02	7.000779e-03	6.214324e-02	9.156797e-03	5.298644e-02	-2.191482e-02	5.393400e-03	-7.404671e-04	-4.120659e-03	-2.800797e-03	-1.319863e-03
53            	2.488401e-02	1.823484e-02	6.649168e-03	6.572440e-02	1.095968e-02	5.476471e-02	-2.190251e-02	5.792835e-03	-7.616932e-04	-4.111341e-03	-2.817364e-03	-1.293977e-03
54            	2.507384e-02	1.873011e-02	6.343738e-03	6.974403e-02	1.271879e-02	5.702525e-02	-2.215323e-02	6.193184e-03	-7.829343e-04	-4.093637e-03	-2.829753e-03	-1.263884e-03
55            	2.538775e-02	1.934073e-02	6.047020e-03	7.425303e-02	1.453351e-02	5.971953e-02	-2.259301e-02	6.646854e-03	-8.136280e-04	-4.071263e-03	-2.849260e-03	-1.222004e-03
56            	2.571300e-02	1.994008e-02	5.772917e-03	7.837758e-02	1.623013e-02	6.214745e-02	-2.295866e-02	7.083584e-03	-8.486542e-04	-4.050396e-03	-2.873852e-03	-1.176544e-03
57            	2.599599e-02	2.049699e-02	5.498999e-03	8.209107e-02	1.781302e-02	6.427805e-02	-2.323252e-02	7.498995e-03	-8.834732e-04	-4.032692e-03	-2.899819e-03	-1.132873e-03
58            	2.623551e-02	2.101059e-02	5.224920e-03	8.562148e-02	1.930293e-02	6.631855e-02	-2.350781e-02	7.892837e-03	-9.149651e-04	-4.016605e-03	-2.923268e-03	-1.093338e-03
59            	2.645484e-02	2.147620e-02	4.978643e-03	8.902131e-02	2.065931e-02	6.836200e-02	-2.385135e-02	8.248778e-03	-9.421939e-04	-4.000043e-03	-2.942216e-03	-1.057828e-03
60            	2.670018e-02	2.196074e-02	4.739435e-03	9.255482e-02	2.195406e-02	7.060076e-02	-2.432335e-02	8.610654e-03	-9.708096e-04	-3.982725e-03	-2.962172e-03	-1.020553e-03
61            	2.696842e-02	2.247842e-02	4.489998e-03	9.612220e-02	2.319322e-02	7.292898e-02	-2.486788e-02	8.994210e-03	-1.002065e-03	-3.966002e-03	-2.985066e-03	-9.809361e-04
62            	2.723193e-02	2.301330e-02	4.218626e-03	9.957776e-02	2.437183e-02	7.520593e-02	-2.541705e-02	9.397337e-03	-1.034152e-03	-3.950456e-03	-3.009380e-03	-9.410761e-04
63            	2.746716e-02	2.353207e-02	3.935093e-03	1.028215e-01	2.547294e-02	7.734854e-02	-2.593780e-02	9.798489e-03	-1.064356e-03	-3.935438e-03	-3.032075e-03	-9.033627e-04
64            	2.768380e-02	2.404372e-02	3.640076e-03	1.059943e-01	2.652683e-02	7.946743e-02	-2.647030e-02	1.020182e-02	-1.092879e-03	-3.919640e-03	-3.052699e-03	-8.669412e-04
65            	2.789599e-02	2.454636e-02	3.349632e-03	1.091502e-01	2.754057e-02	8.160963e-02	-2.703453e-02	1.059836e-02	-1.119443e-03	-3.902408e-03	-3.070647e-03	-8.317609e-04
66            	2.811352e-02	2.503944e-02	3.074079e-03	1.122597e-01	2.850905e-02	8.375069e-02	-2.762082e-02	1.098268e-02	-1.145063e-03	-3.884428e-03	-3.087277e-03	-7.971507e-04
67            	2.833550e-02	2.551593e-02	2.819569e-03	1.152181e-01	2.941473e-02	8.580335e-02	-2.819431e-02	1.134818e-02	-1.170216e-03	-3.867335e-03	-3.103884e-03	-7.634518e-04
68            	2.856952e-02	2.601150e-02	2.558023e-03	1.181315e-01	3.029811e-02	8.783336e-02	-2.876763e-02	1.172674e-02	-1.197512e-03	-3.852182e-03	-3.123603e-03	-7.285794e-04
69            	2.880093e-02	2.650903e-02	2.291893e-03	1.209014e-01	3.113453e-02	8.976687e-02	-2.931617e-02	1.210857e-02	-1.225963e-03	-3.839568e-03	-3.145747e-03	-6.938203e-04
70            	2.903152e-02	2.701480e-02	2.016717e-03	1.236052e-01	3.194632e-02	9.165892e-02	-2.985630e-02	1.249904e-02	-1.255276e-03	-3.828422e-03	-3.169487e-03	-6.589348e-04
71            	2.925572e-02	2.750679e-02	1.748935e-03	1.262050e-01	3.272346e-02	9.348151e-02	-3.037903e-02	1.287893e-02	-1.282897e-03	-3.817520e-03	-3.191656e-03	-6.258632e-04
72            	2.947475e-02	2.798032e-02	1.494437e-03	1.287076e-01	3.347393e-02	9.523368e-02	-3.087987e-02	1.324294e-02	-1.308322e-03	-3.806470e-03	-3.211557e-03	-5.949131e-04
73            	2.968829e-02	2.843538e-02	1.252905e-03	1.311049e-01	3.420400e-02	9.690092e-02	-3.134846e-02	1.359124e-02	-1.331549e-03	-3.795219e-03	-3.229159e-03	-5.660601e-04
74            	2.989706e-02	2.888609e-02	1.010971e-03	1.334210e-01	3.493143e-02	9.848959e-02	-3.177908e-02	1.393756e-02	-1.354770e-03	-3.784345e-03	-3.246942e-03	-5.374028e-04
75            	3.009891e-02	2.933007e-02	7.688464e-04	1.356562e-01	3.565526e-02	1.000009e-01	-3.217283e-02	1.428061e-02	-1.378734e-03	-3.774325e-03	-3.265897e-03	-5.084282e-04
76            	3.029464e-02	2.977121e-02	5.234332e-04	1.378530e-01	3.638553e-02	1.014675e-01	-3.254097e-02	1.462389e-02	-1.402945e-03	-3.765718e-03	-3.285803e-03	-4.799141e-04
77            	3.047199e-02	3.018389e-02	2.880943e-04	1.399222e-01	3.709697e-02	1.028252e-01	-3.286412e-02	1.494790e-02	-1.424652e-03	-3.758281e-03	-3.303793e-03	-4.544885e-04
78            	3.063022e-02	3.056357e-02	6.664343e-05	1.418449e-01	3.778569e-02	1.040592e-01	-3.313678e-02	1.524846e-02	-1.443835e-03	-3.751866e-03	-3.319768e-03	-4.320978e-04
79            	3.077077e-02	3.091632e-02	-1.455513e-04	1.436325e-01	3.845936e-02	1.051732e-01	-3.335692e-02	1.553094e-02	-1.460911e-03	-3.746176e-03	-3.333999e-03	-4.121769e-04
80            	3.089501e-02	3.125574e-02	-3.607225e-04	1.453010e-01	3.912470e-02	1.061763e-01	-3.352580e-02	1.580823e-02	-1.477308e-03	-3.741005e-03	-3.347811e-03	-3.931940e-04
81            	3.100596e-02	3.158778e-02	-5.818193e-04	1.468638e-01	3.977998e-02	1.070838e-01	-3.365190e-02	1.608480e-02	-1.494240e-03	-3.736226e-03	-3.362353e-03	-3.738723e-04
82            	3.110210e-02	3.189994e-02	-7.978399e-04	1.482977e-01	4.041632e-02	1.078814e-01	-3.373255e-02	1.634889e-02	-1.510310e-03	-3.731555e-03	-3.376087e-03	-3.554678e-04
83            	3.118065e-02	3.218298e-02	-1.002327e-03	1.496010e-01	4.103761e-02	1.085634e-01	-3.376290e-02	1.659265e-02	-1.523745e-03	-3.727141e-03	-3.387316e-03	-3.398253e-04
84            	3.123728e-02	3.242936e-02	-1.192086e-03	1.507566e-01	4.164549e-02	1.091111e-01	-3.373280e-02	1.681072e-02	-1.533614e-03	-3.723029e-03	-3.395128e-03	-3.279005e-04
85            	3.126700e-02	3.263656e-02	-1.369563e-03	1.517254e-01	4.223319e-02	1.094922e-01	-3.362952e-02	1.700306e-02	-1.540286e-03	-3.719319e-03	-3.399945e-03	-3.193735e-04
86            	3.127129e-02	3.281187e-02	-1.540585e-03	1.524977e-01	4.279483e-02	1.097028e-01	-3.345400e-02	1.717623e-02	-1.545625e-03	-3.716161e-03	-3.403706e-03	-3.124553e-04
87            	3.125282e-02	3.295593e-02	-1.703106e-03	1.530708e-01	4.332262e-02	1.097482e-01	-3.321278e-02	1.732952e-02	-1.549624e-03	-3.713625e-03	-3.406436e-03	-3.071888e-04
88            	3.121462e-02	3.306772e-02	-1.853105e-03	1.534626e-01	4.381888e-02	1.096437e-01	-3.291243e-02	1.746041e-02	-1.551067e-03	-3.711617e-03	-3.406876e-03	-3.047412e-04
89            	3.116016e-02	3.314957e-02	-1.989408e-03	1.537136e-01	4.429680e-02	1.094168e-01	-3.255999e-02	1.756949e-02	-1.549595e-03	-3.710029e-03	-3.404610e-03	-3.054192e-04
90            	3.109135e-02	3.320820e-02	-2.116854e-03	1.538429e-01	4.476175e-02	1.090812e-01	-3.215970e-02	1.766253e-02	-1.546487e-03	-3.708748e-03	-3.400860e-03	-3.078874e-04
91            	3.100969e-02	3.324603e-02	-2.236344e-03	1.538547e-01	4.520980e-02	1.086449e-01	-3.171755e-02	1.774119e-02	-1.542692e-03	-3.707703e-03	-3.396543e-03	-3.111597e-04
92            	3.091531e-02	3.325958e-02	-2.344273e-03	1.537432e-01	4.563413e-02	1.081091e-01	-3.123748e-02	1.780193e-02	-1.537768e-03	-3.706972e-03	-3.391254e-03	-3.157185e-04
93            	3.080940e-02	3.324912e-02	-2.439717e-03	1.535182e-01	4.603451e-02	1.074837e-01	-3.072460e-02	1.784442e-02	-1.531178e-03	-3.706682e-03	-3.384519e-03	-3.221633e-04
94            	3.069549e-02	3.321931e-02	-2.523822e-03	1.532060e-01	4.641551e-02	1.067904e-01	-3.018746e-02	1.787157e-02	-1.523101e-03	-3.706851e-03	-3.376527e-03	-3.303242e-04
95            	3.057910e-02	3.318139e-02	-2.602293e-03	1.528481e-01	4.678342e-02	1.060646e-01	-2.964061e-02	1.789184e-02	-1.514831e-03	-3.707433e-03	-3.368547e-03	-3.388855e-04
96            	3.046378e-02	3.313858e-02	-2.674797e-03	1.524723e-01	4.714237e-02	1.053300e-01	-2.909381e-02	1.790669e-02	-1.506764e-03	-3.708390e-03	-3.360959e-03	-3.474316e-04
97            	3.035121e-02	3.309202e-02	-2.740816e-03	1.520889e-01	4.749377e-02	1.045952e-01	-2.855070e-02	1.791642e-02	-1.499013e-03	-3.709719e-03	-3.353873e-03	-3.558464e-04
98            	3.024234e-02	3.304148e-02	-2.799144e-03	1.517009e-01	4.783607e-02	1.038649e-01	-2.801441e-02	1.792031e-02	-1.491181e-03	-3.711442e-03	-3.346902e-03	-3.645404e-04
99            	3.013765e-02	3.298870e-02	-2.851053e-03	1.513169e-01	4.816747e-02	1.031494e-01	-2.749097e-02	1.791988e-02	-1.482956e-03	-3.713565e-03	-3.339738e-03	-3.738270e-04
100           	3.003975e-02	3.293818e-02	-2.898433e-03	1.509563e-01	4.848775e-02	1.024686e-01	-2.699040e-02	1.791831e-02	-1.475170e-03	-3.716044e-03	-3.333192e-03	-3.828514e-04
101           	2.995113e-02	3.289176e-02	-2.940632e-03	1.506336e-01	4.879899e-02	1.018346e-01	-2.651781e-02	1.791620e-02	-1.467986e-03	-3.718852e-03	-3.327412e-03	-3.914401e-04
102           	2.987132e-02	3.284855e-02	-2.977228e-03	1.503527e-01	4.910446e-02	1.012482e-01	-2.607187e-02	1.791289e-02	-1.460671e-03	-3.721985e-03	-3.321664e-03	-4.003214e-04
103           	2.979876e-02	3.280861e-02	-3.009858e-03	1.501147e-01	4.940600e-02	1.007087e-01	-2.565133e-02	1.790924e-02	-1.453037e-03	-3.725449e-03	-3.315761e-03	-4.096874e-04
104           	2.973304e-02	3.277532e-02	-3.042284e-03	1.499239e-01	4.970295e-02	1.002210e-01	-2.525902e-02	1.790880e-02	-1.445806e-03	-3.729233e-03	-3.310422e-03	-4.188104e-04
105           	2.967423e-02	3.274876e-02	-3.074528e-03	1.497823e-01	4.999323e-02	9.978904e-02	-2.489790e-02	1.791164e-02	-1.439330e-03	-3.733336e-03	-3.305998e-03	-4.273382e-04
106           	2.962956e-02	3.273400e-02	-3.104436e-03	1.498595e-01	5.026753e-02	9.959193e-02	-2.466220e-02	1.791922e-02	-1.431045e-03	-3.737669e-03	-3.299879e-03	-4.377898e-04
107           	2.957531e-02	3.270879e-02	-3.133485e-03	1.498961e-01	5.054942e-02	9.934673e-02	-2.439866e-02	1.792114e-02	-1.421334e-03	-3.742270e-03	-3.292468e-03	-4.498011e-04
108           	2.950747e-02	3.266889e-02	-3.161411e-03	1.498015e-01	5.083902e-02	9.896252e-02	-2.406175e-02	1.791515e-02	-1.411518e-03	-3.747064e-03	-3.285050e-03	-4.620133e-04
109           	2.943624e-02	3.262580e-02	-3.189556e-03	1.496616e-01	5.112094e-02	9.854070e-02	-2.370988e-02	1.790768e-02	-1.402451e-03	-3.751992e-03	-3.278447e-03	-4.735449e-04
110           	2.936983e-02	3.258930e-02	-3.219475e-03	1.495912e-01	5.138330e-02	9.820785e-02	-2.341227e-02	1.790439e-02	-1.393738e-03	-3.756993e-03	-3.272235e-03	-4.847584e-04
111           	2.930827e-02	3.256142e-02	-3.253153e-03	1.496242e-01	5.162790e-02	9.799628e-02	-2.318419e-02	1.790729e-02	-1.384764e-03	-3.762019e-03	-3.265774e-03	-4.962452e-04
112           	2.924756e-02	3.254000e-02	-3.292446e-03	1.497173e-01	5.186227e-02	9.785500e-02	-2.299637e-02	1.791622e-02	-1.375692e-03	-3.767052e-03	-3.259218e-03	-5.078335e-04
113           	2.918665e-02	3.252440e-02	-3.337750e-03	1.498186e-01	5.208928e-02	9.772935e-02	-2.282003e-02	1.793108e-02	-1.367757e-03	-3.772074e-03	-3.253794e-03	-5.182798e-04
114           	2.912842e-02	3.251345e-02	-3.385029e-03	1.499098e-01	5.230510e-02	9.760474e-02	-2.264982e-02	1.794924e-02	-1.361733e-03	-3.777080e-03	-3.250273e-03	-5.268071e-04
115           	2.907497e-02	3.250329e-02	-3.428315e-03	1.499939e-01	5.250397e-02	9.748988e-02	-2.249295e-02	1.796580e-02	-1.357101e-03	-3.782077e-03	-3.248140e-03	-5.339370e-04
116           	2.902633e-02	3.249180e-02	-3.465464e-03	1.500784e-01	5.268361e-02	9.739484e-02	-2.235561e-02	1.797863e-02	-1.352963e-03	-3.787062e-03	-3.246494e-03	-5.405681e-04
117           	2.898206e-02	3.247991e-02	-3.497854e-03	1.501641e-01	5.284514e-02	9.731895e-02	-2.223690e-02	1.798888e-02	-1.348889e-03	-3.792028e-03	-3.244903e-03	-5.471251e-04
118           	2.896938e-02	3.250323e-02	-3.533860e-03	1.504076e-01	5.299807e-02	9.740951e-02	-2.220572e-02	1.801855e-02	-1.348540e-03	-3.796576e-03	-3.246828e-03	-5.497483e-04
119           	2.896044e-02	3.253328e-02	-3.572833e-03	1.506525e-01	5.313701e-02	9.751547e-02	-2.218923e-02	1.805305e-02	-1.348608e-03	-3.801135e-03	-3.249176e-03	-5.519596e-04
120           	2.893494e-02	3.254642e-02	-3.611471e-03	1.507873e-01	5.326137e-02	9.752597e-02	-2.213230e-02	1.807894e-02	-1.346543e-03	-3.805915e-03	-3.249500e-03	-5.564150e-04
121           	2.889415e-02	3.253895e-02	-3.644800e-03	1.508186e-01	5.337026e-02	9.744837e-02	-2.203906e-02	1.809188e-02	-1.342277e-03	-3.810800e-03	-3.247677e-03	-5.631232e-04
122           	2.885405e-02	3.252507e-02	-3.671029e-03	1.508281e-01	5.346207e-02	9.736600e-02	-2.195197e-02	1.809805e-02	-1.337858e-03	-3.815504e-03	-3.245610e-03	-5.698937e-04
123           	2.882765e-02	3.252022e-02	-3.692573e-03	1.508795e-01	5.353805e-02	9.734142e-02	-2.190168e-02	1.810640e-02	-1.335067e-03	-3.819933e-03	-3.245033e-03	-5.748997e-04
124           	2.881476e-02	3.252832e-02	-3.713566e-03	1.509690e-01	5.360228e-02	9.736674e-02	-2.188223e-02	1.812094e-02	-1.333993e-03	-3.824224e-03	-3.246105e-03	-5.781190e-04
125           	2.880570e-02	3.254354e-02	-3.737842e-03	1.510568e-01	5.365967e-02	9.739716e-02	-2.186874e-02	1.814069e-02	-1.333381e-03	-3.828508e-03	-3.247635e-03	-5.808724e-04
126           	2.879237e-02	3.255763e-02	-3.765263e-03	1.511109e-01	5.370970e-02	9.740118e-02	-2.184574e-02	1.816145e-02	-1.332046e-03	-3.832875e-03	-3.248484e-03	-5.843915e-04
127           	2.877357e-02	3.256926e-02	-3.795686e-03	1.511412e-01	5.375054e-02	9.739063e-02	-2.182004e-02	1.818247e-02	-1.330073e-03	-3.837149e-03	-3.248648e-03	-5.885015e-04
128           	2.875512e-02	3.258303e-02	-3.827909e-03	1.511801e-01	5.377988e-02	9.740021e-02	-2.181016e-02	1.820547e-02	-1.328455e-03	-3.841220e-03	-3.249065e-03	-5.921548e-04
129           	2.874333e-02	3.260521e-02	-3.861887e-03	1.512557e-01	5.379863e-02	9.745706e-02	-2.182922e-02	1.823355e-02	-1.328130e-03	-3.845100e-03	-3.250680e-03	-5.944200e-04
130           	2.874023e-02	3.263931e-02	-3.899087e-03	1.513750e-01	5.381021e-02	9.756482e-02	-2.187731e-02	1.826920e-02	-1.329325e-03	-3.848882e-03	-3.253766e-03	-5.951157e-04
131           	2.874409e-02	3.268608e-02	-3.941991e-03	1.515322e-01	5.381778e-02	9.771440e-02	-2.194831e-02	1.831404e-02	-1.331801e-03	-3.852643e-03	-3.258122e-03	-5.945205e-04
132           	2.875281e-02	3.274417e-02	-3.991352e-03	1.517225e-01	5.382206e-02	9.790049e-02	-2.203922e-02	1.836776e-02	-1.335238e-03	-3.856389e-03	-3.263432e-03	-5.929568e-04
133           	2.876645e-02	3.281325e-02	-4.046799e-03	1.519525e-01	5.382187e-02	9.813062e-02	-2.215438e-02	1.843002e-02	-1.339598e-03	-3.860083e-03	-3.269640e-03	-5.904432e-04
134           	2.878748e-02	3.289531e-02	-4.107830e-03	1.522387e-01	5.381662e-02	9.842205e-02	-2.230271e-02	1.850157e-02	-1.345189e-03	-3.863710e-03	-3.277043e-03	-5.866663e-04
135           	2.881881e-02	3.299278e-02	-4.173968e-03	1.525972e-01	5.380750e-02	9.878974e-02	-2.249112e-02	1.858337e-02	-1.352358e-03	-3.867305e-03	-3.286011e-03	-5.812950e-04
136           	2.886177e-02	3.310663e-02	-4.244861e-03	1.530348e-01	5.379673e-02	9.923807e-02	-2.272067e-02	1.867574e-02	-1.361178e-03	-3.870908e-03	-3.296632e-03	-5.742761e-04
137           	2.891549e-02	3.323515e-02	-4.319662e-03	1.535465e-01	5.378585e-02	9.976070e-02	-2.298742e-02	1.877741e-02	-1.371314e-03	-3.874525e-03	-3.308576e-03	-5.659487e-04
138           	2.897819e-02	3.337600e-02	-4.397815e-03	1.541246e-01	5.377514e-02	1.003494e-01	-2.328715e-02	1.888691e-02	-1.382335e-03	-3.878131e-03	-3.321401e-03	-5.567301e-04
139           	2.904846e-02	3.352758e-02	-4.479119e-03	1.547641e-01	5.376421e-02	1.009999e-01	-2.361784e-02	1.900335e-02	-1.393958e-03	-3.881680e-03	-3.334798e-03	-5.468823e-04
140           	2.912556e-02	3.368873e-02	-4.563169e-03	1.554636e-01	5.375305e-02	1.017105e-01	-2.397874e-02	1.912595e-02	-1.406020e-03	-3.885159e-03	-3.348600e-03	-5.365593e-04
141           	2.920895e-02	3.385824e-02	-4.649288e-03	1.562204e-01	5.374242e-02	1.024780e-01	-2.436780e-02	1.925376e-02	-1.418438e-03	-3.888591e-03	-3.362734e-03	-5.258574e-04
142           	2.929755e-02	3.403405e-02	-4.736502e-03	1.570277e-01	5.373343e-02	1.032943e-01	-2.478041e-02	1.938528e-02	-1.431018e-03	-3.892019e-03	-3.377028e-03	-5.149913e-04
143           	2.938963e-02	3.421364e-02	-4.824009e-03	1.578742e-01	5.372710e-02	1.041471e-01	-2.521001e-02	1.951883e-02	-1.443420e-03	-3.895470e-03	-3.391156e-03	-5.043148e-04
144           	2.948329e-02	3.439420e-02	-4.910903e-03	1.587468e-01	5.372388e-02	1.050229e-01	-2.564951e-02	1.965255e-02	-1.455360e-03	-3.898948e-03	-3.404834e-03	-4.941146e-04
145           	2.957698e-02	3.457338e-02	-4.996399e-03	1.596339e-01	5.372392e-02	1.059100e-01	-2.609303e-02	1.978489e-02	-1.466748e-03	-3.902426e-03	-3.417961e-03	-4.844646e-04
146           	2.966962e-02	3.474924e-02	-5.079623e-03	1.605267e-01	5.372754e-02	1.067992e-01	-2.653581e-02	1.991443e-02	-1.477606e-03	-3.905860e-03	-3.430536e-03	-4.753242e-04
147           	2.976032e-02	3.492013e-02	-5.159809e-03	1.614162e-01	5.373532e-02	1.076809e-01	-2.697277e-02	2.003997e-02	-1.487942e-03	-3.909234e-03	-3.442559e-03	-4.666752e-04
148           	2.984828e-02	3.508487e-02	-5.236584e-03	1.622913e-01	5.374798e-02	1.085433e-01	-2.739766e-02	2.016073e-02	-1.497731e-03	-3.912567e-03	-3.454014e-03	-4.585530e-04
149           	2.993252e-02	3.524254e-02	-5.310020e-03	1.631385e-01	5.376621e-02	1.093723e-01	-2.780304e-02	2.027628e-02	-1.506972e-03	-3.915897e-03	-3.464921e-03	-4.509758e-04
150           	3.001188e-02	3.539223e-02	-5.380349e-03	1.639440e-01	5.379057e-02	1.101534e-01	-2.818140e-02	2.038629e-02	-1.515688e-03	-3.919256e-03	-3.475316e-03	-4.439400e-04
151           	3.008511e-02	3.553289e-02	-5.447776e-03	1.646947e-01	5.382146e-02	1.108733e-01	-2.852591e-02	2.049033e-02	-1.523897e-03	-3.922629e-03	-3.485212e-03	-4.374176e-04
152           	3.015112e-02	3.566334e-02	-5.512221e-03	1.653799e-01	5.385913e-02	1.115208e-01	-2.883083e-02	2.058778e-02	-1.531577e-03	-3.925990e-03	-3.494572e-03	-4.314178e-04
153           	3.020889e-02	3.578195e-02	-5.573067e-03	1.659899e-01	5.390357e-02	1.120863e-01	-2.909136e-02	2.067751e-02	-1.538663e-03	-3.929329e-03	-3.503328e-03	-4.260012e-04
154           	3.025768e-02	3.588736e-02	-5.629678e-03	1.665179e-01	5.395455e-02	1.125634e-01	-2.930440e-02	2.075852e-02	-1.545048e-03	-3.932658e-03	-3.511377e-03	-4.212806e-04
155           	3.029730e-02	3.597873e-02	-5.681430e-03	1.669616e-01	5.401167e-02	1.129499e-01	-2.946911e-02	2.083008e-02	-1.550613e-03	-3.935982e-03	-3.518604e-03	-4.173783e-04
156           	3.032829e-02	3.605628e-02	-5.727990e-03	1.673232e-01	5.407461e-02	1.132486e-01	-2.958699e-02	2.089213e-02	-1.555281e-03	-3.939287e-03	-3.524924e-03	-4.143627e-04
157           	3.035190e-02	3.612129e-02	-5.769399e-03	1.676086e-01	5.414311e-02	1.134655e-01	-2.966118e-02	2.094535e-02	-1.559102e-03	-3.942542e-03	-3.530373e-03	-4.121692e-04
158           	3.036950e-02	3.617547e-02	-5.805976e-03	1.678235e-01	5.421665e-02	1.136068e-01	-2.969509e-02	2.099072e-02	-1.562215e-03	-3.945728e-03	-3.535079e-03	-4.106486e-04
159           	3.038205e-02	3.622007e-02	-5.838022e-03	1.679716e-01	5.429459e-02	1.136771e-01	-2.969123e-02	2.102905e-02	-1.564784e-03	-3.948843e-03	-3.539206e-03	-4.096378e-04
160           	3.038992e-02	3.625584e-02	-5.865915e-03	1.680549e-01	5.437639e-02	1.136785e-01	-2.965105e-02	2.106088e-02	-1.566912e-03	-3.951901e-03	-3.542863e-03	-4.090382e-04
161           	3.039322e-02	3.628340e-02	-5.890180e-03	1.680749e-01	5.446170e-02	1.136132e-01	-2.957577e-02	2.108679e-02	-1.568599e-03	-3.954904e-03	-3.546051e-03	-4.088525e-04
162           	3.039223e-02	3.630364e-02	-5.911412e-03	1.680346e-01	5.455026e-02	1.134843e-01	-2.946701e-02	2.110753e-02	-1.569834e-03	-3.957832e-03	-3.548750e-03	-4.090820e-04
163           	3.038744e-02	3.631749e-02	-5.930052e-03	1.679374e-01	5.464176e-02	1.132957e-01	-2.932696e-02	2.112377e-02	-1.570689e-03	-3.960660e-03	-3.551019e-03	-4.096405e-04
164           	3.037923e-02	3.632567e-02	-5.946447e-03	1.677877e-01	5.473581e-02	1.130518e-01	-2.915802e-02	2.113606e-02	-1.571283e-03	-3.963368e-03	-3.552967e-03	-4.104012e-04
165           	3.036758e-02	3.632863e-02	-5.961050e-03	1.675890e-01	5.483201e-02	1.127570e-01	-2.896247e-02	2.114484e-02	-1.571717e-03	-3.965952e-03	-3.554693e-03	-4.112589e-04
166           	3.035212e-02	3.632657e-02	-5.974445e-03	1.673447e-01	5.492998e-02	1.124147e-01	-2.874237e-02	2.115051e-02	-1.571958e-03	-3.968407e-03	-3.556162e-03	-4.122452e-04
167           	3.033263e-02	3.632010e-02	-5.987464e-03	1.670588e-01	5.502948e-02	1.120293e-01	-2.849994e-02	2.115378e-02	-1.572002e-03	-3.970735e-03	-3.557370e-03	-4.133655e-04
168           	3.030931e-02	3.631007e-02	-6.000763e-03	1.667356e-01	5.513026e-02	1.116054e-01	-2.823756e-02	2.115542e-02	-1.571949e-03	-3.972938e-03	-3.558418e-03	-4.145204e-04
169           	3.028256e-02	3.629713e-02	-6.014577e-03	1.663795e-01	5.523198e-02	1.111475e-01	-2.795777e-02	2.115586e-02	-1.571889e-03	-3.975017e-03	-3.559397e-03	-4.156198e-04
170           	3.025272e-02	3.628154e-02	-6.028817e-03	1.659951e-01	5.533422e-02	1.106608e-01	-2.766330e-02	2.115518e-02	-1.571816e-03	-3.976965e-03	-3.560299e-03	-4.166668e-04
171           	3.021996e-02	3.626341e-02	-6.043447e-03	1.655873e-01	5.543657e-02	1.101507e-01	-2.735708e-02	2.115343e-02	-1.571654e-03	-3.978775e-03	-3.561042e-03	-4.177329e-04
172           	3.018433e-02	3.624296e-02	-6.058634e-03	1.651614e-01	5.553868e-02	1.096227e-01	-2.704202e-02	2.115080e-02	-1.571303e-03	-3.980437e-03	-3.561522e-03	-4.189153e-04
173           	3.014592e-02	3.622065e-02	-6.074731e-03	1.647224e-01	5.564029e-02	1.090821e-01	-2.672089e-02	2.114769e-02	-1.570697e-03	-3.981953e-03	-3.561673e-03	-4.202797e-04
174           	3.010506e-02	3.619697e-02	-6.091911e-03	1.642745e-01	5.574111e-02	1.085334e-01	-2.639613e-02	2.114444e-02	-1.569822e-03	-3.983330e-03	-3.561486e-03	-4.218432e-04
175           	3.006209e-02	3.617223e-02	-6.110140e-03	1.638215e-01	5.584080e-02	1.079807e-01	-2.606993e-02	2.114118e-02	-1.568645e-03	-3.984578e-03	-3.560934e-03	-4.236437e-04
176           	3.001730e-02	3.614641e-02	-6.129113e-03	1.633663e-01	5.593900e-02	1.074273e-01	-2.574414e-02	2.113776e-02	-1.567150e-03	-3.985709e-03	-3.560005e-03	-4.257048e-04
177           	2.997095e-02	3.611949e-02	-6.148539e-03	1.629118e-01	5.603538e-02	1.068764e-01	-2.542053e-02	2.113401e-02	-1.565351e-03	-3.986733e-03	-3.558718e-03	-4.280150e-04
178           	2.992335e-02	3.609162e-02	-6.168275e-03	1.624609e-01	5.612970e-02	1.063312e-01	-2.510075e-02	2.112995e-02	-1.563310e-03	-3.987654e-03	-3.557137e-03	-4.305169e-04
179           	2.987480e-02	3.606290e-02	-6.188100e-03	1.620157e-01	5.622171e-02	1.057940e-01	-2.478616e-02	2.112550e-02	-1.561064e-03	-3.988475e-03	-3.555301e-03	-4.331740e-04
180           	2.982568e-02	3.603348e-02	-6.207802e-03	1.615778e-01	5.631116e-02	1.052667e-01	-2.447776e-02	2.112064e-02	-1.558662e-03	-3.989199e-03	-3.553262e-03	-4.359379e-04
181           	2.977635e-02	3.600371e-02	-6.227355e-03	1.611486e-01	5.639782e-02	1.047508e-01	-2.417649e-02	2.111553e-02	-1.556155e-03	-3.989829e-03	-3.551070e-03	-4.387597e-04
182           	2.972707e-02	3.597401e-02	-6.246947e-03	1.607296e-01	5.648149e-02	1.042481e-01	-2.388330e-02	2.111048e-02	-1.553547e-03	-3.990370e-03	-3.548732e-03	-4.416381e-04
183           	2.967788e-02	3.594464e-02	-6.266759e-03	1.603223e-01	5.656204e-02	1.037602e-01	-2.359909e-02	2.110570e-02	-1.550765e-03	-3.990830e-03	-3.546180e-03	-4.446502e-04
184           	2.962876e-02	3.591549e-02	-6.286737e-03	1.599276e-01	5.663933e-02	1.032883e-01	-2.332448e-02	2.110111e-02	-1.547731e-03	-3.991219e-03	-3.543340e-03	-4.478788e-04
185           	2.957969e-02	3.588627e-02	-6.306571e-03	1.595459e-01	5.671323e-02	1.028326e-01	-2.305971e-02	2.109642e-02	-1.544423e-03	-3.991549e-03	-3.540198e-03	-4.513512e-04
186           	2.953081e-02	3.585674e-02	-6.325928e-03	1.591768e-01	5.678359e-02	1.023932e-01	-2.280479e-02	2.109134e-02	-1.540882e-03	-3.991827e-03	-3.536795e-03	-4.550316e-04
187           	2.948232e-02	3.582697e-02	-6.344646e-03	1.588202e-01	5.685030e-02	1.019699e-01	-2.255980e-02	2.108581e-02	-1.537197e-03	-3.992058e-03	-3.533226e-03	-4.588323e-04
188           	2.943444e-02	3.579723e-02	-6.362796e-03	1.584767e-01	5.691331e-02	1.015634e-01	-2.232505e-02	2.108001e-02	-1.533439e-03	-3.992246e-03	-3.529562e-03	-4.626839e-04
189           	2.938733e-02	3.576780e-02	-6.380471e-03	1.581469e-01	5.697261e-02	1.011743e-01	-2.210086e-02	2.107414e-02	-1.529666e-03	-3.992396e-03	-3.525864e-03	-4.665320e-04
190           	2.934115e-02	3.573887e-02	-6.397726e-03	1.578312e-01	5.702821e-02	1.008030e-01	-2.188741e-02	2.106830e-02	-1.525909e-03	-3.992511e-03	-3.522164e-03	-4.703466e-04
191           	2.929596e-02	3.571043e-02	-6.414477e-03	1.575295e-01	5.708011e-02	1.004494e-01	-2.168464e-02	2.106246e-02	-1.522176e-03	-3.992589e-03	-3.518471e-03	-4.741183e-04
192           	2.925183e-02	3.568241e-02	-6.430579e-03	1.572415e-01	5.712831e-02	1.001132e-01	-2.149245e-02	2.105649e-02	-1.518477e-03	-3.992633e-03	-3.514794e-03	-4.778393e-04
193           	2.920884e-02	3.565486e-02	-6.446021e-03	1.569674e-01	5.717287e-02	9.979452e-02	-2.131083e-02	2.105044e-02	-1.514824e-03	-3.992642e-03	-3.511145e-03	-4.814970e-04
194           	2.916703e-02	3.562804e-02	-6.461006e-03	1.567074e-01	5.721387e-02	9.949348e-02	-2.113980e-02	2.104452e-02	-1.511223e-03	-3.992618e-03	-3.507532e-03	-4.850865e-04
195           	2.912647e-02	3.560222e-02	-6.475751e-03	1.564614e-01	5.725140e-02	9.921005e-02	-2.097933e-02	2.103899e-02	-1.507664e-03	-3.992564e-03	-3.503946e-03	-4.886183e-04
196           	2.908718e-02	3.557744e-02	-6.490255e-03	1.562293e-01	5.728550e-02	9.894382e-02	-2.082916e-02	2.103385e-02	-1.504168e-03	-3.992483e-03	-3.500410e-03	-4.920735e-04
197           	2.904925e-02	3.555356e-02	-6.504313e-03	1.560104e-01	5.731625e-02	9.869413e-02	-2.068894e-02	2.102894e-02	-1.500766e-03	-3.992382e-03	-3.496957e-03	-4.954252e-04
198           	2.901277e-02	3.553043e-02	-6.517652e-03	1.558038e-01	5.734369e-02	9.846013e-02	-2.055822e-02	2.102404e-02	-1.497531e-03	-3.992262e-03	-3.493662e-03	-4.985999e-04
199           	2.897780e-02	3.550795e-02	-6.530153e-03	1.556088e-01	5.736782e-02	9.824097e-02	-2.043658e-02	2.101905e-02	-1.494508e-03	-3.992121e-03	-3.490569e-03	-5.015527e-04
200           	2.894430e-02	3.548609e-02	-6.541793e-03	1.554247e-01	5.738871e-02	9.803595e-02	-2.032362e-02	2.101394e-02	-1.491655e-03	-3.991962e-03	-3.487636e-03	-5.043265e-04
201           	2.891221e-02	3.546484e-02	-6.552624e-03	1.552509e-01	5.740642e-02	9.784452e-02	-2.021905e-02	2.100873e-02	-1.488887e-03	-3.991781e-03	-3.484778e-03	-5.070034e-04
202           	2.888157e-02	3.544426e-02	-6.562691e-03	1.550873e-01	5.742107e-02	9.766620e-02	-2.012257e-02	2.100348e-02	-1.486188e-03	-3.991580e-03	-3.481978e-03	-5.096018e-04
203           	2.885247e-02	3.542445e-02	-6.571975e-03	1.549331e-01	5.743274e-02	9.750038e-02	-2.003382e-02	2.099821e-02	-1.483619e-03	-3.991359e-03	-3.479298e-03	-5.120603e-04
204           	2.882496e-02	3.540538e-02	-6.580416e-03	1.547877e-01	5.744149e-02	9.734621e-02	-1.995236e-02	2.099290e-02	-1.481253e-03	-3.991122e-03	-3.476814e-03	-5.143079e-04
205           	2.879904e-02	3.538703e-02	-6.587989e-03	1.546502e-01	5.744733e-02	9.720282e-02	-1.987774e-02	2.098751e-02	-1.479123e-03	-3.990873e-03	-3.474560e-03	-5.163138e-04
206           	2.877467e-02	3.536936e-02	-6.594686e-03	1.545199e-01	5.745034e-02	9.706958e-02	-1.980962e-02	2.098202e-02	-1.477252e-03	-3.990617e-03	-3.472560e-03	-5.180571e-04
207           	2.875185e-02	3.535237e-02	-6.600522e-03	1.543966e-01	5.745060e-02	9.694595e-02	-1.974767e-02	2.097644e-02	-1.475603e-03	-3.990359e-03	-3.470783e-03	-5.195761e-04
208           	2.873046e-02	3.533603e-02	-6.605563e-03	1.542796e-01	5.744822e-02	9.683139e-02	-1.969159e-02	2.097079e-02	-1.474097e-03	-3.990098e-03	-3.469146e-03	-5.209526e-04
209           	2.871041e-02	3.532029e-02	-6.609872e-03	1.541685e-01	5.744325e-02	9.672526e-02	-1.964101e-02	2.096508e-02	-1.472655e-03	-3.989835e-03	-3.467572e-03	-5.222627e-04
210           	2.869162e-02	3.530507e-02	-6.613448e-03	1.540627e-01	5.743577e-02	9.662689e-02	-1.959556e-02	2.095926e-02	-1.471271e-03	-3.989566e-03	-3.466054e-03	-5.235122e-04
211           	2.867405e-02	3.529033e-02	-6.616280e-03	1.539615e-01	5.742584e-02	9.653565e-02	-1.955491e-02	2.095331e-02	-1.469982e-03	-3.989296e-03	-3.464630e-03	-5.246656e-04
212           	2.865771e-02	3.527606e-02	-6.618358e-03	1.538645e-01	5.741354e-02	9.645098e-02	-1.951872e-02	2.094721e-02	-1.468827e-03	-3.989024e-03	-3.463339e-03	-5.256852e-04
213           	2.864251e-02	3.526217e-02	-6.619663e-03	1.537712e-01	5.739893e-02	9.637224e-02	-1.948666e-02	2.094092e-02	-1.467806e-03	-3.988746e-03	-3.462179e-03	-5.265666e-04
214           	2.862837e-02	3.524858e-02	-6.620211e-03	1.536809e-01	5.738205e-02	9.629888e-02	-1.945842e-02	2.093440e-02	-1.466883e-03	-3.988461e-03	-3.461114e-03	-5.273471e-04
215           	2.861522e-02	3.523527e-02	-6.620052e-03	1.535935e-01	5.736299e-02	9.623047e-02	-1.943374e-02	2.092766e-02	-1.466022e-03	-3.988171e-03	-3.460107e-03	-5.280639e-04
216           	2.860298e-02	3.522224e-02	-6.619261e-03	1.535085e-01	5.734187e-02	9.616664e-02	-1.941239e-02	2.092075e-02	-1.465213e-03	-3.987880e-03	-3.459153e-03	-5.287275e-04
217           	2.859161e-02	3.520951e-02	-6.617905e-03	1.534259e-01	5.731879e-02	9.610706e-02	-1.939414e-02	2.091371e-02	-1.464461e-03	-3.987590e-03	-3.458256e-03	-5.293337e-04
218           	2.858104e-02	3.519706e-02	-6.616020e-03	1.533451e-01	5.729379e-02	9.605128e-02	-1.937874e-02	2.090654e-02	-1.463771e-03	-3.987300e-03	-3.457420e-03	-5.298792e-04
219           	2.857120e-02	3.518483e-02	-6.613639e-03	1.532659e-01	5.726696e-02	9.599893e-02	-1.936598e-02	2.089924e-02	-1.463140e-03	-3.987008e-03	-3.456644e-03	-5.303645e-04
220           	2.856205e-02	3.517286e-02	-6.610811e-03	1.531883e-01	5.723843e-02	9.594986e-02	-1.935571e-02	2.089184e-02	-1.462562e-03	-3.986715e-03	-3.455920e-03	-5.307953e-04
221           	2.855359e-02	3.516118e-02	-6.607594e-03	1.531123e-01	5.720833e-02	9.590396e-02	-1.934782e-02	2.088439e-02	-1.462029e-03	-3.986420e-03	-3.455239e-03	-5.311809e-04
222           	2.854577e-02	3.514983e-02	-6.604057e-03	1.530379e-01	5.717677e-02	9.586111e-02	-1.934217e-02	2.087694e-02	-1.461540e-03	-3.986124e-03	-3.454602e-03	-5.315215e-04
223           	2.853856e-02	3.513883e-02	-6.600269e-03	1.529650e-01	5.714387e-02	9.582114e-02	-1.933863e-02	2.086955e-02	-1.461099e-03	-3.985826e-03	-3.454012e-03	-5.318138e-04
224           	2.853192e-02	3.512821e-02	-6.596290e-03	1.528936e-01	5.710972e-02	9.578391e-02	-1.933709e-02	2.086225e-02	-1.460706e-03	-3.985528e-03	-3.453470e-03	-5.320575e-04
225           	2.852582e-02	3.511802e-02	-6.592193e-03	1.528238e-01	5.707444e-02	9.574939e-02	-1.933748e-02	2.085510e-02	-1.460362e-03	-3.985231e-03	-3.452977e-03	-5.322532e-04
226           	2.852025e-02	3.510830e-02	-6.588044e-03	1.527558e-01	5.703816e-02	9.571760e-02	-1.933972e-02	2.084817e-02	-1.460069e-03	-3.984935e-03	-3.452537e-03	-5.323980e-04
227           	2.851520e-02	3.509910e-02	-6.583902e-03	1.526896e-01	5.700101e-02	9.568855e-02	-1.934377e-02	2.084150e-02	-1.459832e-03	-3.984640e-03	-3.452152e-03	-5.324886e-04
228           	2.851017e-02	3.509794e-02	-6.587775e-03	1.526174e-01	5.696140e-02	9.565602e-02	-1.934731e-02	2.084286e-02	-1.460443e-03	-3.984349e-03	-3.452617e-03	-5.317318e-04
229           	2.850574e-02	3.509618e-02	-6.590444e-03	1.525485e-01	5.692126e-02	9.562726e-02	-1.935300e-02	2.084331e-02	-1.460964e-03	-3.984051e-03	-3.452990e-03	-5.310611e-04
230           	2.850219e-02	3.508898e-02	-6.586786e-03	1.524881e-01	5.688180e-02	9.560634e-02	-1.936227e-02	2.083788e-02	-1.460879e-03	-3.983742e-03	-3.452750e-03	-5.309918e-04
231           	2.849941e-02	3.507806e-02	-6.578650e-03	1.524349e-01	5.684290e-02	9.559199e-02	-1.937454e-02	2.082835e-02	-1.460390e-03	-3.983427e-03	-3.452104e-03	-5.313234e-04
232           	2.849706e-02	3.506820e-02	-6.571138e-03	1.523842e-01	5.680376e-02	9.558043e-02	-1.938833e-02	2.081967e-02	-1.460026e-03	-3.983123e-03	-3.451587e-03	-5.315356e-04
233           	2.849498e-02	3.506244e-02	-6.567466e-03	1.523333e-01	5.676387e-02	9.556939e-02	-1.940276e-02	2.081495e-02	-1.460103e-03	-3.982836e-03	-3.451521e-03	-5.313152e-04
234           	2.849321e-02	3.506022e-02	-6.567013e-03	1.522828e-01	5.672334e-02	9.555944e-02	-1.941805e-02	2.081362e-02	-1.460537e-03	-3.982565e-03	-3.451820e-03	-5.307452e-04
235           	2.849194e-02	3.505903e-02	-6.567090e-03	1.522355e-01	5.668273e-02	9.555274e-02	-1.943501e-02	2.081306e-02	-1.461041e-03	-3.982299e-03	-3.452190e-03	-5.301084e-04
236           	2.849128e-02	3.505706e-02	-6.565788e-03	1.521934e-01	5.664253e-02	9.555087e-02	-1.945417e-02	2.081143e-02	-1.461423e-03	-3.982029e-03	-3.452437e-03	-5.295917e-04
237           	2.849120e-02	3.505448e-02	-6.563280e-03	1.521567e-01	5.660290e-02	9.555385e-02	-1.947547e-02	2.080888e-02	-1.461714e-03	-3.981756e-03	-3.452592e-03	-5.291638e-04
238           	2.849163e-02	3.505267e-02	-6.561041e-03	1.521245e-01	5.656375e-02	9.556071e-02	-1.949848e-02	2.080686e-02	-1.462077e-03	-3.981490e-03	-3.452822e-03	-5.286674e-04
239           	2.849249e-02	3.505278e-02	-6.560292e-03	1.520956e-01	5.652494e-02	9.557066e-02	-1.952286e-02	2.080653e-02	-1.462626e-03	-3.981235e-03	-3.453244e-03	-5.279911e-04
240           	2.849376e-02	3.505489e-02	-6.561123e-03	1.520702e-01	5.648651e-02	9.558367e-02	-1.954858e-02	2.080800e-02	-1.463352e-03	-3.980993e-03	-3.453849e-03	-5.271446e-04
241           	2.849552e-02	3.505832e-02	-6.562802e-03	1.520490e-01	5.644864e-02	9.560037e-02	-1.957587e-02	2.081056e-02	-1.464170e-03	-3.980761e-03	-3.454550e-03	-5.262104e-04
242           	2.849779e-02	3.506243e-02	-6.564633e-03	1.520329e-01	5.641155e-02	9.562134e-02	-1.960490e-02	2.081353e-02	-1.465016e-03	-3.980534e-03	-3.455282e-03	-5.252513e-04
243           	2.850060e-02	3.506710e-02	-6.566500e-03	1.520221e-01	5.637539e-02	9.564674e-02	-1.963567e-02	2.081680e-02	-1.465889e-03	-3.980313e-03	-3.456045e-03	-5.242677e-04
244           	2.850392e-02	3.507270e-02	-6.568786e-03	1.520166e-01	5.634024e-02	9.567632e-02	-1.966804e-02	2.082074e-02	-1.466833e-03	-3.980102e-03	-3.456885e-03	-5.232179e-04
245           	2.850770e-02	3.507962e-02	-6.571918e-03	1.520158e-01	5.630608e-02	9.570976e-02	-1.970184e-02	2.082577e-02	-1.467888e-03	-3.979905e-03	-3.457841e-03	-5.220647e-04
246           	2.851194e-02	3.508796e-02	-6.576025e-03	1.520200e-01	5.627298e-02	9.574698e-02	-1.973700e-02	2.083199e-02	-1.469054e-03	-3.979722e-03	-3.458915e-03	-5.208068e-04
247           	2.851655e-02	3.509723e-02	-6.580677e-03	1.520282e-01	5.624120e-02	9.578700e-02	-1.977290e-02	2.083895e-02	-1.470285e-03	-3.979553e-03	-3.460062e-03	-5.194915e-04
248           	2.852171e-02	3.510782e-02	-6.586111e-03	1.520425e-01	5.621036e-02	9.583214e-02	-1.981089e-02	2.084696e-02	-1.471600e-03	-3.979386e-03	-3.461293e-03	-5.180933e-04
249           	2.852738e-02	3.511951e-02	-6.592130e-03	1.520628e-01	5.618076e-02	9.588205e-02	-1.985065e-02	2.085582e-02	-1.472983e-03	-3.979223e-03	-3.462594e-03	-5.166283e-04
250           	2.853349e-02	3.513210e-02	-6.598610e-03	1.520885e-01	5.615273e-02	9.593576e-02	-1.989151e-02	2.086536e-02	-1.474428e-03	-3.979067e-03	-3.463961e-03	-5.151055e-04
251           	2.854000e-02	3.514558e-02	-6.605580e-03	1.521189e-01	5.612636e-02	9.599258e-02	-1.993311e-02	2.087558e-02	-1.475940e-03	-3.978922e-03	-3.465401e-03	-5.135212e-04
252           	2.854691e-02	3.516006e-02	-6.613144e-03	1.521541e-01	5.610154e-02	9.605255e-02	-1.997550e-02	2.088660e-02	-1.477527e-03	-3.978788e-03	-3.466921e-03	-5.118666e-04
253           	2.855424e-02	3.517562e-02	-6.621376e-03	1.521943e-01	5.607817e-02	9.611609e-02	-2.001896e-02	2.089850e-02	-1.479192e-03	-3.978661e-03	-3.468523e-03	-5.101387e-04
254           	2.856239e-02	3.518707e-02	-6.624677e-03	1.522458e-01	5.605797e-02	9.618784e-02	-2.006494e-02	2.090587e-02	-1.480409e-03	-3.978545e-03	-3.469682e-03	-5.088630e-04
255           	2.857083e-02	3.520025e-02	-6.629415e-03	1.523013e-01	5.603913e-02	9.626214e-02	-2.011150e-02	2.091483e-02	-1.481772e-03	-3.978439e-03	-3.470992e-03	-5.074478e-04
256           	2.857927e-02	3.521856e-02	-6.639291e-03	1.523564e-01	5.602068e-02	9.633568e-02	-2.015750e-02	2.092893e-02	-1.483619e-03	-3.978343e-03	-3.472791e-03	-5.055525e-04
257           	2.858783e-02	3.524079e-02	-6.652958e-03	1.524126e-01	5.600300e-02	9.640957e-02	-2.020328e-02	2.094687e-02	-1.485825e-03	-3.978256e-03	-3.474953e-03	-5.033031e-04
258           	2.859681e-02	3.526354e-02	-6.666727e-03	1.524740e-01	5.598716e-02	9.648687e-02	-2.024986e-02	2.096513e-02	-1.488045e-03	-3.978174e-03	-3.477132e-03	-5.010418e-04
259           	2.860633e-02	3.528463e-02	-6.678300e-03	1.525428e-01	5.597373e-02	9.656912e-02	-2.029770e-02	2.098147e-02	-1.490066e-03	-3.978095e-03	-3.479113e-03	-4.989816e-04
260           	2.861628e-02	3.530460e-02	-6.688319e-03	1.526179e-01	5.596255e-02	9.665534e-02	-2.034640e-02	2.099646e-02	-1.491942e-03	-3.978019e-03	-3.480952e-03	-4.970676e-04
261           	2.862647e-02	3.532540e-02	-6.698930e-03	1.526966e-01	5.595306e-02	9.674355e-02	-2.039525e-02	2.101216e-02	-1.493869e-03	-3.977950e-03	-3.482844e-03	-4.951056e-04
262           	2.863680e-02	3.534829e-02	-6.711489e-03	1.527776e-01	5.594492e-02	9.683273e-02	-2.044390e-02	2.102989e-02	-1.495974e-03	-3.977888e-03	-3.484918e-03	-4.929699e-04
263           	2.864734e-02	3.537299e-02	-6.725642e-03	1.528615e-01	5.593824e-02	9.692324e-02	-2.049250e-02	2.104931e-02	-1.498226e-03	-3.977831e-03	-3.487141e-03	-4.906900e-04
264           	2.865818e-02	3.539830e-02	-6.740120e-03	1.529492e-01	5.593328e-02	9.701590e-02	-2.054131e-02	2.106921e-02	-1.500507e-03	-3.977779e-03	-3.489397e-03	-4.883823e-04
265           	2.866930e-02	3.542336e-02	-6.754065e-03	1.530411e-01	5.593021e-02	9.711094e-02	-2.059036e-02	2.108871e-02	-1.502736e-03	-3.977732e-03	-3.491602e-03	-4.861298e-04
266           	2.868065e-02	3.544827e-02	-6.767614e-03	1.531368e-01	5.592895e-02	9.720782e-02	-2.063944e-02	2.110794e-02	-1.504921e-03	-3.977689e-03	-3.493765e-03	-4.839238e-04
267           	2.869217e-02	3.547363e-02	-6.781462e-03	1.532352e-01	5.592931e-02	9.730585e-02	-2.068827e-02	2.112754e-02	-1.507124e-03	-3.977652e-03	-3.495950e-03	-4.817016e-04
268           	2.870380e-02	3.549988e-02	-6.796076e-03	1.533358e-01	5.593115e-02	9.740463e-02	-2.073674e-02	2.114798e-02	-1.509390e-03	-3.977619e-03	-3.498199e-03	-4.794196e-04
269           	2.871559e-02	3.552695e-02	-6.811363e-03	1.534387e-01	5.593447e-02	9.750426e-02	-2.078490e-02	2.116916e-02	-1.511710e-03	-3.977588e-03	-3.500504e-03	-4.770842e-04
270           	2.872752e-02	3.555440e-02	-6.826876e-03	1.535441e-01	5.593931e-02	9.760480e-02	-2.083274e-02	2.119064e-02	-1.514042e-03	-3.977558e-03	-3.502821e-03	-4.747376e-04
271           	2.873967e-02	3.558210e-02	-6.842429e-03	1.536527e-01	5.594581e-02	9.770684e-02	-2.088052e-02	2.121226e-02	-1.516371e-03	-3.977532e-03	-3.505137e-03	-4.723945e-04
272           	2.875198e-02	3.560999e-02	-6.858014e-03	1.537639e-01	5.595389e-02	9.780999e-02	-2.092805e-02	2.123400e-02	-1.518695e-03	-3.977511e-03	-3.507450e-03	-4.700603e-04
273           	2.876428e-02	3.563790e-02	-6.873626e-03	1.538761e-01	5.596324e-02	9.791282e-02	-2.097479e-02	2.125577e-02	-1.521000e-03	-3.977493e-03	-3.509747e-03	-4.677465e-04
274           	2.877656e-02	3.566598e-02	-6.889419e-03	1.539889e-01	5.597378e-02	9.801513e-02	-2.102068e-02	2.127770e-02	-1.523301e-03	-3.977480e-03	-3.512041e-03	-4.654391e-04
275           	2.878887e-02	3.569432e-02	-6.905454e-03	1.541029e-01	5.598554e-02	9.811738e-02	-2.106592e-02	2.129989e-02	-1.525608e-03	-3.977471e-03	-3.514343e-03	-4.631277e-04
276           	2.880126e-02	3.572292e-02	-6.921663e-03	1.542185e-01	5.599857e-02	9.821995e-02	-2.111069e-02	2.132229e-02	-1.527917e-03	-3.977465e-03	-3.516650e-03	-4.608149e-04
277           	2.881372e-02	3.575164e-02	-6.937927e-03	1.543356e-01	5.601286e-02	9.832274e-02	-2.115494e-02	2.134478e-02	-1.530218e-03	-3.977461e-03	-3.518949e-03	-4.585120e-04
278           	2.882618e-02	3.578036e-02	-6.954186e-03	1.544536e-01	5.602831e-02	9.842531e-02	-2.119850e-02	2.136727e-02	-1.532501e-03	-3.977459e-03	-3.521230e-03	-4.562288e-04
279           	2.883860e-02	3.580908e-02	-6.970472e-03	1.545722e-01	5.604483e-02	9.852734e-02	-2.124125e-02	2.138977e-02	-1.534764e-03	-3.977459e-03	-3.523494e-03	-4.539653e-04
280           	2.885099e-02	3.583782e-02	-6.986828e-03	1.546911e-01	5.606236e-02	9.862871e-02	-2.128317e-02	2.141232e-02	-1.537012e-03	-3.977463e-03	-3.525744e-03	-4.517191e-04
281           	2.886332e-02	3.586656e-02	-7.003245e-03	1.548102e-01	5.608084e-02	9.872936e-02	-2.132426e-02	2.143491e-02	-1.539242e-03	-3.977470e-03	-3.527977e-03	-4.494929e-04
282           	2.887558e-02	3.589524e-02	-7.019659e-03	1.549294e-01	5.610021e-02	9.882921e-02	-2.136450e-02	2.145745e-02	-1.541447e-03	-3.977482e-03	-3.530188e-03	-4.472934e-04
283           	2.888776e-02	3.592378e-02	-7.036014e-03	1.550485e-01	5.612041e-02	9.892810e-02	-2.140385e-02	2.147990e-02	-1.543622e-03	-3.977497e-03	-3.532371e-03	-4.451265e-04
284           	2.889984e-02	3.595213e-02	-7.052298e-03	1.551673e-01	5.614139e-02	9.902592e-02	-2.144227e-02	2.150222e-02	-1.545764e-03	-3.977517e-03	-3.534522e-03	-4.429945e-04
285           	2.891179e-02	3.598031e-02	-7.068521e-03	1.552857e-01	5.616310e-02	9.912256e-02	-2.147973e-02	2.152442e-02	-1.547873e-03	-3.977540e-03	-3.536643e-03	-4.408969e-04
286           	2.892362e-02	3.600832e-02	-7.084699e-03	1.554035e-01	5.618551e-02	9.921796e-02	-2.151622e-02	2.154651e-02	-1.549951e-03	-3.977567e-03	-3.538734e-03	-4.388330e-04
287           	2.893532e-02	3.603614e-02	-7.100824e-03	1.555206e-01	5.620857e-02	9.931207e-02	-2.155175e-02	2.156848e-02	-1.551996e-03	-3.977598e-03	-3.540795e-03	-4.368030e-04
288           	2.894687e-02	3.606374e-02	-7.116868e-03	1.556370e-01	5.623222e-02	9.940482e-02	-2.158630e-02	2.159030e-02	-1.554007e-03	-3.977632e-03	-3.542823e-03	-4.348094e-04
289           	2.895827e-02	3.609107e-02	-7.132804e-03	1.557525e-01	5.625642e-02	9.949610e-02	-2.161984e-02	2.161194e-02	-1.555981e-03	-3.977670e-03	-3.544816e-03	-4.328539e-04
290           	2.896949e-02	3.611811e-02	-7.148623e-03	1.558669e-01	5.628112e-02	9.958582e-02	-2.165235e-02	2.163337e-02	-1.557918e-03	-3.977712e-03	-3.546774e-03	-4.309385e-04
291           	2.898053e-02	3.614485e-02	-7.164323e-03	1.559802e-01	5.630628e-02	9.967392e-02	-2.168382e-02	2.165459e-02	-1.559816e-03	-3.977759e-03	-3.548695e-03	-4.290636e-04
292           	2.899138e-02	3.617128e-02	-7.179905e-03	1.560922e-01	5.633185e-02	9.976032e-02	-2.171424e-02	2.167559e-02	-1.561675e-03	-3.977809e-03	-3.550579e-03	-4.272298e-04
293           	2.900203e-02	3.619739e-02	-7.195360e-03	1.562028e-01	5.635779e-02	9.984499e-02	-2.174360e-02	2.169637e-02	-1.563495e-03	-3.977863e-03	-3.552426e-03	-4.254371e-04
294           	2.901247e-02	3.622315e-02	-7.210679e-03	1.563119e-01	5.638406e-02	9.992788e-02	-2.177191e-02	2.171692e-02	-1.565275e-03	-3.977922e-03	-3.554236e-03	-4.236863e-04
295           	2.902271e-02	3.624857e-02	-7.225860e-03	1.564196e-01	5.641063e-02	1.000090e-01	-2.179916e-02	2.173721e-02	-1.567015e-03	-3.977985e-03	-3.556007e-03	-4.219782e-04
296           	2.903272e-02	3.627362e-02	-7.240902e-03	1.565256e-01	5.643746e-02	1.000882e-01	-2.182536e-02	2.175726e-02	-1.568714e-03	-3.978053e-03	-3.557740e-03	-4.203126e-04
297           	2.904251e-02	3.629832e-02	-7.255805e-03	1.566301e-01	5.646452e-02	1.001655e-01	-2.185051e-02	2.177706e-02	-1.570373e-03	-3.978124e-03	-3.559435e-03	-4.186894e-04
298           	2.905207e-02	3.632264e-02	-7.270568e-03	1.567328e-01	5.649177e-02	1.002410e-01	-2.187462e-02	2.179661e-02	-1.571992e-03	-3.978200e-03	-3.561092e-03	-4.171084e-04
299           	2.906140e-02	3.634660e-02	-7.285195e-03	1.568338e-01	5.651919e-02	1.003146e-01	-2.189770e-02	2.181590e-02	-1.573570e-03	-3.978280e-03	-3.562710e-03	-4.155696e-04
300           	2.907050e-02	3.637019e-02	-7.299687e-03	1.569330e-01	5.654673e-02	1.003863e-01	-2.191977e-02	2.183494e-02	-1.575109e-03	-3.978364e-03	-3.564291e-03	-4.140730e-04
301           	2.907936e-02	3.639341e-02	-7.314046e-03	1.570304e-01	5.657438e-02	1.004560e-01	-2.194084e-02	2.185373e-02	-1.576608e-03	-3.978453e-03	-3.565834e-03	-4.126186e-04
302           	2.908781e-02	3.641576e-02	-7.327958e-03	1.571242e-01	5.660162e-02	1.005226e-01	-2.196049e-02	2.187186e-02	-1.578024e-03	-3.978541e-03	-3.567294e-03	-4.112466e-04
303           	2.909623e-02	3.643833e-02	-7.342107e-03	1.572184e-01	5.662947e-02	1.005889e-01	-2.197971e-02	2.189022e-02	-1.579452e-03	-3.978638e-03	-3.568771e-03	-4.098666e-04
304           	2.910452e-02	3.646085e-02	-7.356328e-03	1.573118e-01	5.665765e-02	1.006542e-01	-2.199827e-02	2.190859e-02	-1.580871e-03	-3.978741e-03	-3.570242e-03	-4.084994e-04
305           	2.911252e-02	3.648287e-02	-7.370344e-03	1.574030e-01	5.668570e-02	1.007173e-01	-2.201577e-02	2.192661e-02	-1.582243e-03	-3.978848e-03	-3.571667e-03	-4.071813e-04
306           	2.912017e-02	3.650421e-02	-7.384041e-03	1.574910e-01	5.671343e-02	1.007776e-01	-2.203208e-02	2.194413e-02	-1.583551e-03	-3.978957e-03	-3.573029e-03	-4.059280e-04
307           	2.912752e-02	3.652503e-02	-7.397514e-03	1.575767e-01	5.674095e-02	1.008357e-01	-2.204738e-02	2.196127e-02	-1.584807e-03	-3.979069e-03	-3.574342e-03	-4.047273e-04
308           	2.913467e-02	3.654559e-02	-7.410922e-03	1.576608e-01	5.676848e-02	1.008924e-01	-2.206194e-02	2.197826e-02	-1.586035e-03	-3.979184e-03	-3.575628e-03	-4.035569e-04
309           	2.914166e-02	3.656600e-02	-7.424340e-03	1.577439e-01	5.679608e-02	1.009479e-01	-2.207589e-02	2.199517e-02	-1.587247e-03	-3.979304e-03	-3.576899e-03	-4.024054e-04
310           	2.914847e-02	3.658619e-02	-7.437724e-03	1.578257e-01	5.682367e-02	1.010020e-01	-2.208916e-02	2.201196e-02	-1.588436e-03	-3.979428e-03	-3.578150e-03	-4.012778e-04
311           	2.915504e-02	3.660603e-02	-7.450993e-03	1.579055e-01	5.685111e-02	1.010544e-01	-2.210165e-02	2.202851e-02	-1.589592e-03	-3.979555e-03	-3.579370e-03	-4.001857e-04
312           	2.916135e-02	3.662546e-02	-7.464108e-03	1.579833e-01	5.687831e-02	1.011050e-01	-2.211336e-02	2.204478e-02	-1.590709e-03	-3.979686e-03	-3.580552e-03	-3.991343e-04
313           	2.916744e-02	3.664454e-02	-7.477099e-03	1.580593e-01	5.690530e-02	1.011540e-01	-2.212436e-02	2.206082e-02	-1.591791e-03	-3.979819e-03	-3.581700e-03	-3.981188e-04
314           	2.917333e-02	3.666334e-02	-7.490017e-03	1.581338e-01	5.693214e-02	1.012017e-01	-2.213477e-02	2.207668e-02	-1.592847e-03	-3.979955e-03	-3.582824e-03	-3.971306e-04
315           	2.917904e-02	3.668193e-02	-7.502889e-03	1.582070e-01	5.695884e-02	1.012482e-01	-2.214467e-02	2.209241e-02	-1.593883e-03	-3.980094e-03	-3.583930e-03	-3.961643e-04
316           	2.918458e-02	3.670029e-02	-7.515709e-03	1.582789e-01	5.698536e-02	1.012935e-01	-2.215407e-02	2.210800e-02	-1.594897e-03	-3.980236e-03	-3.585015e-03	-3.952208e-04
317           	2.918993e-02	3.671838e-02	-7.528449e-03	1.583492e-01	5.701167e-02	1.013376e-01	-2.216295e-02	2.212341e-02	-1.595888e-03	-3.980381e-03	-3.586078e-03	-3.943028e-04
318           	2.919509e-02	3.673619e-02	-7.541095e-03	1.584181e-01	5.703772e-02	1.013804e-01	-2.217133e-02	2.213864e-02	-1.596852e-03	-3.980528e-03	-3.587116e-03	-3.934121e-04
319           	2.920007e-02	3.675372e-02	-7.553651e-03	1.584856e-01	5.706351e-02	1.014221e-01	-2.217928e-02	2.215369e-02	-1.597792e-03	-3.980678e-03	-3.588131e-03	-3.925463e-04
320           	2.920490e-02	3.677103e-02	-7.566134e-03	1.585518e-01	5.708904e-02	1.014627e-01	-2.218685e-02	2.216858e-02	-1.598713e-03	-3.980829e-03	-3.589127e-03	-3.917017e-04
321           	2.920957e-02	3.678812e-02	-7.578553e-03	1.586168e-01	5.711433e-02	1.015025e-01	-2.219409e-02	2.218334e-02	-1.599616e-03	-3.980982e-03	-3.590107e-03	-3.908754e-04
322           	2.921411e-02	3.680501e-02	-7.590906e-03	1.586808e-01	5.713936e-02	1.015414e-01	-2.220104e-02	2.219796e-02	-1.600503e-03	-3.981138e-03	-3.591071e-03	-3.900665e-04
323           	2.921850e-02	3.682168e-02	-7.603183e-03	1.587436e-01	5.716410e-02	1.015795e-01	-2.220771e-02	2.221243e-02	-1.601373e-03	-3.981296e-03	-3.592020e-03	-3.892751e-04
324           	2.922276e-02	3.683814e-02	-7.615378e-03	1.588053e-01	5.718854e-02	1.016168e-01	-2.221413e-02	2.222676e-02	-1.602226e-03	-3.981455e-03	-3.592954e-03	-3.885009e-04
325           	2.922690e-02	3.685439e-02	-7.627493e-03	1.588660e-01	5.721268e-02	1.016534e-01	-2.222034e-02	2.224094e-02	-1.603065e-03	-3.981615e-03	-3.593872e-03	-3.877427e-04
326           	2.923092e-02	3.687045e-02	-7.639530e-03	1.589258e-01	5.723651e-02	1.016893e-01	-2.222639e-02	2.225499e-02	-1.603889e-03	-3.981777e-03	-3.594778e-03	-3.869990e-04
327           	2.923484e-02	3.688633e-02	-7.651495e-03	1.589847e-01	5.726003e-02	1.017246e-01	-2.223231e-02	2.226891e-02	-1.604702e-03	-3.981940e-03	-3.595672e-03	-3.862682e-04
328           	2.923866e-02	3.690204e-02	-7.663386e-03	1.590427e-01	5.728323e-02	1.017595e-01	-2.223813e-02	2.228271e-02	-1.605503e-03	-3.982104e-03	-3.596555e-03	-3.855488e-04
329           	2.924239e-02	3.691759e-02	-7.675200e-03	1.591000e-01	5.730611e-02	1.017939e-01	-2.224387e-02	2.229639e-02	-1.606295e-03	-3.982270e-03	-3.597430e-03	-3.848398e-04
330           	2.924603e-02	3.693296e-02	-7.686932e-03	1.591564e-01	5.732866e-02	1.018278e-01	-2.224956e-02	2.230995e-02	-1.607078e-03	-3.982436e-03	-3.598296e-03	-3.841406e-04
331           	2.924960e-02	3.694818e-02	-7.698578e-03	1.592122e-01	5.735087e-02	1.018613e-01	-2.225522e-02	2.232338e-02	-1.607852e-03	-3.982604e-03	-3.599154e-03	-3.834503e-04
332           	2.925310e-02	3.696324e-02	-7.710139e-03	1.592673e-01	5.737274e-02	1.018945e-01	-2.226089e-02	2.233669e-02	-1.608618e-03	-3.982772e-03	-3.600005e-03	-3.827676e-04
333           	2.925654e-02	3.697816e-02	-7.721618e-03	1.593217e-01	5.739428e-02	1.019275e-01	-2.226660e-02	2.234989e-02	-1.609379e-03	-3.982941e-03	-3.600850e-03	-3.820911e-04
334           	2.925993e-02	3.699295e-02	-7.733014e-03	1.593756e-01	5.741547e-02	1.019602e-01	-2.227235e-02	2.236298e-02	-1.610136e-03	-3.983111e-03	-3.601691e-03	-3.814197e-04
335           	2.926328e-02	3.700760e-02	-7.744323e-03	1.594290e-01	5.743632e-02	1.019927e-01	-2.227817e-02	2.237596e-02	-1.610888e-03	-3.983281e-03	-3.602528e-03	-3.807528e-04
336           	2.926658e-02	3.702212e-02	-7.755544e-03	1.594818e-01	5.745683e-02	1.020250e-01	-2.228408e-02	2.238883e-02	-1.611636e-03	-3.983451e-03	-3.603361e-03	-3.800897e-04
337           	2.926985e-02	3.703652e-02	-7.766675e-03	1.595342e-01	5.747699e-02	1.020572e-01	-2.229009e-02	2.240160e-02	-1.612381e-03	-3.983622e-03	-3.604192e-03	-3.794295e-04
338           	2.927309e-02	3.705080e-02	-7.777716e-03	1.595860e-01	5.749681e-02	1.020892e-01	-2.229621e-02	2.241426e-02	-1.613125e-03	-3.983793e-03	-3.605021e-03	-3.787715e-04
339           	2.927631e-02	3.706498e-02	-7.788669e-03	1.596375e-01	5.751628e-02	1.021212e-01	-2.230247e-02	2.242682e-02	-1.613867e-03	-3.983964e-03	-3.605849e-03	-3.781150e-04
340           	2.927951e-02	3.707904e-02	-7.799535e-03	1.596886e-01	5.753541e-02	1.021531e-01	-2.230887e-02	2.243929e-02	-1.614608e-03	-3.984135e-03	-3.606676e-03	-3.774596e-04
341           	2.928269e-02	3.709300e-02	-7.810312e-03	1.597393e-01	5.755421e-02	1.021850e-01	-2.231542e-02	2.245166e-02	-1.615349e-03	-3.984307e-03	-3.607503e-03	-3.768045e-04
342           	2.928587e-02	3.710687e-02	-7.821000e-03	1.597896e-01	5.757267e-02	1.022169e-01	-2.232213e-02	2.246393e-02	-1.616090e-03	-3.984479e-03	-3.608329e-03	-3.761496e-04
343           	2.928904e-02	3.712064e-02	-7.831596e-03	1.598396e-01	5.759079e-02	1.022488e-01	-2.232900e-02	2.247612e-02	-1.616831e-03	-3.984651e-03	-3.609156e-03	-3.754945e-04
344           	2.929221e-02	3.713431e-02	-7.842100e-03	1.598892e-01	5.760858e-02	1.022806e-01	-2.233603e-02	2.248821e-02	-1.617573e-03	-3.984822e-03	-3.609984e-03	-3.748386e-04
345           	2.929539e-02	3.714790e-02	-7.852511e-03	1.599386e-01	5.762605e-02	1.023125e-01	-2.234323e-02	2.250020e-02	-1.618315e-03	-3.984994e-03	-3.610812e-03	-3.741823e-04
346           	2.929856e-02	3.716139e-02	-7.862829e-03	1.599876e-01	5.764320e-02	1.023444e-01	-2.235061e-02	2.251211e-02	-1.619058e-03	-3.985166e-03	-3.611641e-03	-3.735252e-04
347           	2.930175e-02	3.717480e-02	-7.873056e-03	1.600364e-01	5.766003e-02	1.023763e-01	-2.235815e-02	2.252393e-02	-1.619802e-03	-3.985338e-03	-3.612471e-03	-3.728670e-04
348           	2.930494e-02	3.718813e-02	-7.883192e-03	1.600848e-01	5.767655e-02	1.024083e-01	-2.236586e-02	2.253566e-02	-1.620547e-03	-3.985510e-03	-3.613302e-03	-3.722073e-04
349           	2.930814e-02	3.720138e-02	-7.893237e-03	1.601330e-01	5.769277e-02	1.024402e-01	-2.237373e-02	2.254731e-02	-1.621294e-03	-3.985681e-03	-3.614135e-03	-3.715464e-04
350           	2.931136e-02	3.721455e-02	-7.903189e-03	1.601809e-01	5.770869e-02	1.024722e-01	-2.238176e-02	2.255887e-02	-1.622042e-03	-3.985853e-03	-3.614968e-03	-3.708847e-04
351           	2.931458e-02	3.722763e-02	-7.913048e-03	1.602285e-01	5.772432e-02	1.025042e-01	-2.238993e-02	2.257034e-02	-1.622789e-03	-3.986024e-03	-3.615802e-03	-3.702227e-04
352           	2.931782e-02	3.724063e-02	-7.922813e-03	1.602758e-01	5.773966e-02	1.025362e-01	-2.239825e-02	2.258172e-02	-1.623537e-03	-3.986196e-03	-3.616635e-03	-3.695606e-04
