# Force and moment coefficients
# dragDir     : (9.961909e-01 0.000000e+00 8.719920e-02)
# sideDir     : (0.000000e+00 1.000000e+00 -0.000000e+00)
# liftDir     : (-8.719920e-02 0.000000e+00 9.961909e-01)
# rollAxis    : (9.961909e-01 0.000000e+00 8.719920e-02)
# pitchAxis   : (0.000000e+00 1.000000e+00 -0.000000e+00)
# yawAxis     : (-8.719920e-02 0.000000e+00 9.961909e-01)
# magUInf     : 3.000000e+01
# lRef        : 2.077000e-01
# Aref        : 1.200000e-01
# CofR        : (5.000000e-02 -3.000000e-01 0.000000e+00)
#
# Time        	Cd            	Cd(f)         	Cd(r)         	Cl            	Cl(f)         	Cl(r)         	CmPitch       	CmRoll        	CmYaw         	Cs            	Cs(f)         	Cs(r)         
1             	4.215789e+00	6.008671e+00	-1.792883e+00	1.409357e+01	-8.931565e-01	1.498672e+01	-7.939940e+00	3.900777e+00	-1.259478e+00	-9.837718e-02	-1.308666e+00	1.210289e+00
2             	2.706355e+00	3.994630e+00	-1.288275e+00	9.833315e+00	-2.074907e-01	1.004081e+01	-5.124148e+00	2.641453e+00	-7.804942e-01	-6.676379e-02	-8.138761e-01	7.471123e-01
3             	-2.236382e-01	-1.516326e-01	-7.200561e-02	-1.097046e-01	3.623010e-01	-4.720055e-01	4.171533e-01	-3.981350e-02	6.558430e-02	-1.245808e-02	5.935526e-02	-7.181334e-02
4             	-2.003214e+00	-2.781719e+00	7.785049e-01	-6.521957e+00	5.245584e-01	-7.046516e+00	3.785537e+00	-1.780112e+00	5.786789e-01	2.256810e-02	5.899629e-01	-5.673948e-01
5             	-1.699825e+00	-2.504200e+00	8.043747e-01	-5.961323e+00	2.518771e-01	-6.213200e+00	3.232539e+00	-1.654287e+00	4.905214e-01	2.180228e-02	5.014225e-01	-4.796202e-01
6             	-1.164745e-01	-3.269420e-01	2.104676e-01	-8.186150e-01	-1.349815e-01	-6.836336e-01	2.743261e-01	-2.687048e-01	3.196363e-02	-5.318910e-04	3.169768e-02	-3.222957e-02
7             	1.110533e+00	1.461976e+00	-3.514431e-01	3.468117e+00	-2.911731e-01	3.759290e+00	-2.025231e+00	9.067096e-01	-3.227274e-01	-1.979038e-02	-3.326226e-01	3.128322e-01
8             	1.138051e+00	1.597330e+00	-4.592789e-01	3.824259e+00	-1.469779e-01	3.971236e+00	-2.059107e+00	1.028304e+00	-3.280824e-01	-2.171694e-02	-3.389409e-01	3.172239e-01
9             	2.010095e-01	2.887928e-01	-8.778326e-02	7.572999e-01	1.150164e-01	6.422836e-01	-2.636336e-01	1.882880e-01	-4.762926e-02	-9.165363e-03	-5.221194e-02	4.304658e-02
10            	-5.707032e-01	-8.589052e-01	2.882020e-01	-1.920406e+00	2.396594e-01	-2.160065e+00	1.199862e+00	-5.735536e-01	1.831561e-01	1.931183e-03	1.841217e-01	-1.821905e-01
11            	-6.487181e-01	-1.014504e+00	3.657861e-01	-2.283304e+00	1.603625e-01	-2.443666e+00	1.302014e+00	-6.901451e-01	2.021764e-01	2.754819e-03	2.035538e-01	-2.007990e-01
12            	-1.283422e-01	-2.596438e-01	1.313016e-01	-5.438943e-01	-1.938332e-02	-5.245110e-01	2.525638e-01	-1.954727e-01	3.745734e-02	-5.141968e-03	3.488636e-02	-4.002833e-02
13            	3.477203e-01	4.590288e-01	-1.113085e-01	1.117581e+00	-1.160877e-01	1.233668e+00	-6.748780e-01	2.851687e-01	-1.097779e-01	-1.213316e-02	-1.158445e-01	1.037113e-01
14            	4.241956e-01	5.931478e-01	-1.689522e-01	1.418699e+00	-7.807821e-02	1.496777e+00	-7.874276e-01	3.810500e-01	-1.302778e-01	-1.262787e-02	-1.365917e-01	1.239638e-01
15            	1.318801e-01	1.568286e-01	-2.494852e-02	4.146239e-01	3.595960e-02	3.786643e-01	-1.713524e-01	9.088856e-02	-3.381477e-02	-7.619989e-03	-3.762476e-02	3.000477e-02
16            	-1.473238e-01	-2.762789e-01	1.289551e-01	-5.704565e-01	1.033880e-01	-6.738445e-01	3.886163e-01	-2.026170e-01	5.609657e-02	-3.358731e-03	5.441720e-02	-5.777594e-02
17            	-1.907974e-01	-3.513359e-01	1.605385e-01	-7.350694e-01	7.510217e-02	-8.101716e-01	4.426369e-01	-2.559372e-01	6.719467e-02	-3.214938e-03	6.558720e-02	-6.880214e-02
18            	-3.666331e-02	-1.135362e-01	7.687290e-02	-1.955179e-01	-9.052756e-05	-1.954273e-01	9.766841e-02	-9.520455e-02	1.367655e-02	-6.073310e-03	1.063990e-02	-1.671321e-02
19            	1.176449e-01	1.306984e-01	-1.305352e-02	3.510267e-01	-4.586249e-02	3.968892e-01	-2.213759e-01	7.187596e-02	-3.749286e-02	-8.559147e-03	-4.177244e-02	3.321329e-02
20            	1.441071e-01	1.735042e-01	-2.939712e-02	4.392823e-01	-3.466332e-02	4.739456e-01	-2.543045e-01	1.014507e-01	-4.393659e-02	-8.533317e-03	-4.820325e-02	3.966993e-02
21            	6.292482e-02	4.248555e-02	2.043926e-02	1.409527e-01	5.692654e-03	1.352600e-01	-6.478368e-02	1.102314e-02	-1.414351e-02	-6.769801e-03	-1.752841e-02	1.075861e-02
22            	-2.305433e-02	-9.756758e-02	7.451325e-02	-1.713373e-01	3.080730e-02	-2.021446e-01	1.164759e-01	-8.604041e-02	1.546530e-02	-5.316269e-03	1.280717e-02	-1.812344e-02
23            	-3.966843e-02	-1.213101e-01	8.164167e-02	-2.205478e-01	2.222488e-02	-2.427727e-01	1.324988e-01	-1.014759e-01	1.934983e-02	-5.347290e-03	1.667618e-02	-2.202347e-02
24            	4.100277e-03	-4.641292e-02	5.051319e-02	-5.440856e-02	-5.884558e-03	-4.852400e-02	2.131972e-02	-4.846306e-02	2.344557e-03	-6.309000e-03	-8.099432e-04	-5.499057e-03
25            	5.060274e-02	3.114361e-02	1.945913e-02	1.090942e-01	-2.639234e-02	1.354865e-01	-8.093942e-02	5.842236e-03	-1.418057e-02	-7.127714e-03	-1.774443e-02	1.061672e-02
26            	6.007701e-02	4.506371e-02	1.501330e-02	1.338990e-01	-2.500789e-02	1.589069e-01	-9.195737e-02	1.502520e-02	-1.624931e-02	-7.087396e-03	-1.979301e-02	1.270561e-02
27            	3.686493e-02	4.924311e-03	3.194062e-02	4.385584e-02	-1.157214e-02	5.542798e-02	-3.350006e-02	-1.350815e-02	-6.660804e-03	-6.490279e-03	-9.905944e-03	3.415664e-03
28            	1.101585e-02	-3.825506e-02	4.927091e-02	-5.072305e-02	-3.865786e-03	-4.685727e-02	2.149574e-02	-4.376298e-02	2.861373e-03	-5.977142e-03	-1.271984e-04	-5.849944e-03
29            	5.209956e-03	-4.543649e-02	5.064644e-02	-6.847636e-02	-9.123756e-03	-5.935260e-02	2.511442e-02	-4.804147e-02	4.136925e-03	-5.956664e-03	1.158593e-03	-7.115257e-03
30            	1.742788e-02	-2.159985e-02	3.902773e-02	-2.207482e-02	-2.137884e-02	-6.959788e-04	-1.034143e-02	-3.031379e-02	-1.255680e-03	-6.276817e-03	-4.394088e-03	-1.882729e-03
31            	3.140001e-02	4.739261e-03	2.666075e-02	2.790139e-02	-2.987830e-02	5.777969e-02	-4.382900e-02	-1.096075e-02	-6.672339e-03	-6.586353e-03	-9.965516e-03	3.379163e-03
32            	3.446351e-02	1.120126e-02	2.326225e-02	3.572506e-02	-3.022080e-02	6.594585e-02	-4.808332e-02	-6.030495e-03	-7.415411e-03	-6.622222e-03	-1.072652e-02	4.104300e-03
33            	2.762311e-02	8.666746e-04	2.675643e-02	8.737491e-03	-2.607693e-02	3.481443e-02	-3.044568e-02	-1.294488e-02	-4.450548e-03	-6.452249e-03	-7.676673e-03	1.224423e-03
34            	1.957196e-02	-1.067938e-02	3.025133e-02	-2.008953e-02	-2.372829e-02	3.638763e-03	-1.368353e-02	-2.046536e-02	-1.500781e-03	-6.261755e-03	-4.631659e-03	-1.630096e-03
35            	1.729807e-02	-1.110441e-02	2.840248e-02	-2.556524e-02	-2.566762e-02	1.023765e-04	-1.288500e-02	-1.975344e-02	-1.219733e-03	-6.227201e-03	-4.333333e-03	-1.893868e-03
36            	2.066839e-02	-1.163035e-03	2.183143e-02	-1.002458e-02	-2.969902e-02	1.967444e-02	-2.468673e-02	-1.149723e-02	-3.186110e-03	-6.332820e-03	-6.352520e-03	1.969936e-05
37            	2.498466e-02	1.006761e-02	1.491704e-02	8.323563e-03	-3.204512e-02	4.036868e-02	-3.620690e-02	-2.424713e-03	-5.234633e-03	-6.485550e-03	-8.477408e-03	1.991858e-03
38            	2.627895e-02	1.499671e-02	1.128224e-02	1.488236e-02	-3.121644e-02	4.609880e-02	-3.865762e-02	1.857234e-03	-5.764799e-03	-6.573460e-03	-9.051529e-03	2.478069e-03
39            	2.459260e-02	1.437264e-02	1.021995e-02	1.124507e-02	-2.853842e-02	3.978349e-02	-3.416096e-02	2.076346e-03	-5.056970e-03	-6.578960e-03	-8.346450e-03	1.767490e-03
40            	2.242570e-02	1.300388e-02	9.421820e-03	7.136874e-03	-2.627026e-02	3.340713e-02	-2.983870e-02	1.791031e-03	-4.320392e-03	-6.542331e-03	-7.591558e-03	1.049227e-03
41            	2.177883e-02	1.456488e-02	7.213951e-03	9.826579e-03	-2.525660e-02	3.508318e-02	-3.016989e-02	3.675463e-03	-4.333583e-03	-6.516342e-03	-7.591754e-03	1.075412e-03
42            	2.304698e-02	1.954228e-02	3.504703e-03	2.011064e-02	-2.481071e-02	4.492135e-02	-3.486603e-02	8.018790e-03	-5.117677e-03	-6.537424e-03	-8.386389e-03	1.848965e-03
43            	2.487122e-02	2.490918e-02	-3.796237e-05	3.204743e-02	-2.374808e-02	5.579552e-02	-3.977180e-02	1.247357e-02	-5.974402e-03	-6.597930e-03	-9.273367e-03	2.675437e-03
44            	2.594515e-02	2.821099e-02	-2.265848e-03	4.080888e-02	-2.157933e-02	6.238821e-02	-4.198377e-02	1.523842e-02	-6.358273e-03	-6.657813e-03	-9.687180e-03	3.029367e-03
45            	2.602703e-02	2.925683e-02	-3.229806e-03	4.599715e-02	-1.876994e-02	6.476709e-02	-4.176852e-02	1.624332e-02	-6.266780e-03	-6.690772e-03	-9.612166e-03	2.921394e-03
46            	2.576737e-02	2.952081e-02	-3.753440e-03	5.038891e-02	-1.609360e-02	6.648250e-02	-4.128805e-02	1.663713e-02	-6.060238e-03	-6.697478e-03	-9.408977e-03	2.711499e-03
47            	2.589253e-02	3.041307e-02	-4.520549e-03	5.647879e-02	-1.393226e-02	7.041105e-02	-4.217165e-02	1.746681e-02	-6.055249e-03	-6.694751e-03	-9.402624e-03	2.707873e-03
48            	2.661271e-02	3.225051e-02	-5.637806e-03	6.471785e-02	-1.207166e-02	7.678951e-02	-4.443058e-02	1.894416e-02	-6.290019e-03	-6.700125e-03	-9.640082e-03	2.939957e-03
49            	2.757613e-02	3.422898e-02	-6.652846e-03	7.337012e-02	-1.012987e-02	8.349999e-02	-4.681493e-02	2.044091e-02	-6.570337e-03	-6.717776e-03	-9.929225e-03	3.211449e-03
50            	2.832265e-02	3.548414e-02	-7.161498e-03	8.069202e-02	-7.930117e-03	8.862214e-02	-4.827613e-02	2.132282e-02	-6.702312e-03	-6.739998e-03	-1.007231e-02	3.332314e-03
51            	2.870377e-02	3.590437e-02	-7.200600e-03	8.642030e-02	-5.605482e-03	9.202579e-02	-4.881563e-02	2.155249e-02	-6.664660e-03	-6.757764e-03	-1.004354e-02	3.285778e-03
52            	2.888928e-02	3.597214e-02	-7.082862e-03	9.143074e-02	-3.403644e-03	9.483439e-02	-4.911902e-02	2.152750e-02	-6.566949e-03	-6.769242e-03	-9.951570e-03	3.182328e-03
53            	2.911622e-02	3.616639e-02	-7.050172e-03	9.646930e-02	-1.483325e-03	9.795262e-02	-4.971797e-02	2.160828e-02	-6.520258e-03	-6.777649e-03	-9.909082e-03	3.131433e-03
54            	2.948670e-02	3.662262e-02	-7.135911e-03	1.017162e-01	2.102526e-04	1.015060e-01	-5.064785e-02	2.187926e-02	-6.549658e-03	-6.786256e-03	-9.942786e-03	3.156530e-03
55            	2.992862e-02	3.714644e-02	-7.217817e-03	1.067972e-01	1.822154e-03	1.049751e-01	-5.157646e-02	2.218213e-02	-6.603442e-03	-6.796058e-03	-1.000147e-02	3.205413e-03
56            	3.029568e-02	3.744775e-02	-7.152061e-03	1.111737e-01	3.418135e-03	1.077556e-01	-5.216873e-02	2.229990e-02	-6.615394e-03	-6.803643e-03	-1.001722e-02	3.213573e-03
57            	3.055315e-02	3.753262e-02	-6.979471e-03	1.151093e-01	5.030877e-03	1.100784e-01	-5.252375e-02	2.225605e-02	-6.576475e-03	-6.808151e-03	-9.980551e-03	3.172400e-03
58            	3.073017e-02	3.750073e-02	-6.770559e-03	1.188673e-01	6.594422e-03	1.122729e-01	-5.283923e-02	2.213565e-02	-6.507596e-03	-6.809293e-03	-9.912243e-03	3.102949e-03
59            	3.087765e-02	3.743297e-02	-6.555318e-03	1.222919e-01	7.969841e-03	1.143221e-01	-5.317611e-02	2.199414e-02	-6.443796e-03	-6.807218e-03	-9.847405e-03	3.040187e-03
60            	3.104300e-02	3.739590e-02	-6.352905e-03	1.254012e-01	9.158469e-03	1.162427e-01	-5.354211e-02	2.187441e-02	-6.402180e-03	-6.805344e-03	-9.804852e-03	2.999508e-03
61            	3.125160e-02	3.743737e-02	-6.185770e-03	1.285641e-01	1.029950e-02	1.182646e-01	-5.398254e-02	2.181157e-02	-6.378269e-03	-6.807861e-03	-9.782199e-03	2.974339e-03
62            	3.145033e-02	3.745205e-02	-6.001717e-03	1.315046e-01	1.139363e-02	1.201110e-01	-5.435869e-02	2.172688e-02	-6.349279e-03	-6.812655e-03	-9.755606e-03	2.942952e-03
63            	3.160694e-02	3.740070e-02	-5.793764e-03	1.341837e-01	1.243109e-02	1.217526e-01	-5.466076e-02	2.159723e-02	-6.303706e-03	-6.816399e-03	-9.711906e-03	2.895507e-03
64            	3.173137e-02	3.732347e-02	-5.592106e-03	1.367600e-01	1.340262e-02	1.233574e-01	-5.497738e-02	2.145779e-02	-6.247525e-03	-6.817081e-03	-9.656065e-03	2.838984e-03
65            	3.185523e-02	3.728365e-02	-5.428420e-03	1.393814e-01	1.430052e-02	1.250809e-01	-5.539018e-02	2.135603e-02	-6.193795e-03	-6.814632e-03	-9.601111e-03	2.786479e-03
66            	3.200351e-02	3.732436e-02	-5.320843e-03	1.420937e-01	1.512834e-02	1.269653e-01	-5.591849e-02	2.132260e-02	-6.153155e-03	-6.811375e-03	-9.558843e-03	2.747468e-03
67            	3.217498e-02	3.743977e-02	-5.264790e-03	1.448212e-01	1.589356e-02	1.289276e-01	-5.651704e-02	2.135228e-02	-6.127280e-03	-6.810351e-03	-9.532456e-03	2.722105e-03
68            	3.235689e-02	3.761336e-02	-5.256472e-03	1.475423e-01	1.661445e-02	1.309278e-01	-5.715668e-02	2.143492e-02	-6.109981e-03	-6.812902e-03	-9.516432e-03	2.703530e-03
69            	3.253811e-02	3.783963e-02	-5.301516e-03	1.502721e-01	1.730243e-02	1.329696e-01	-5.783359e-02	2.157057e-02	-6.095786e-03	-6.818631e-03	-9.505101e-03	2.686470e-03
70            	3.271094e-02	3.811196e-02	-5.401020e-03	1.529864e-01	1.795428e-02	1.350321e-01	-5.853891e-02	2.175649e-02	-6.082769e-03	-6.825597e-03	-9.495567e-03	2.669970e-03
71            	3.287825e-02	3.842599e-02	-5.547749e-03	1.556658e-01	1.856116e-02	1.371047e-01	-5.927176e-02	2.198687e-02	-6.072127e-03	-6.831858e-03	-9.488056e-03	2.656198e-03
72            	3.304990e-02	3.879744e-02	-5.747546e-03	1.583444e-01	1.912505e-02	1.392193e-01	-6.004713e-02	2.227249e-02	-6.068569e-03	-6.837215e-03	-9.487176e-03	2.649961e-03
73            	3.322870e-02	3.922018e-02	-5.991476e-03	1.610180e-01	1.965089e-02	1.413671e-01	-6.085811e-02	2.260583e-02	-6.073103e-03	-6.841573e-03	-9.493889e-03	2.652316e-03
74            	3.346013e-02	3.956819e-02	-6.108054e-03	1.641455e-01	2.046453e-02	1.436810e-01	-6.160824e-02	2.283812e-02	-6.075219e-03	-6.847472e-03	-9.498955e-03	2.651482e-03
75            	3.370070e-02	4.002796e-02	-6.327258e-03	1.673609e-01	2.121075e-02	1.461502e-01	-6.246972e-02	2.317761e-02	-6.088463e-03	-6.854846e-03	-9.515886e-03	2.661040e-03
76            	3.385769e-02	4.082161e-02	-6.963914e-03	1.698413e-01	2.140586e-02	1.484355e-01	-6.351481e-02	2.389276e-02	-6.132606e-03	-6.861419e-03	-9.563315e-03	2.701896e-03
77            	3.396921e-02	4.166772e-02	-7.698505e-03	1.718939e-01	2.145140e-02	1.504425e-01	-6.449554e-02	2.468311e-02	-6.183120e-03	-6.867754e-03	-9.616997e-03	2.749243e-03
78            	3.410996e-02	4.242050e-02	-8.310543e-03	1.741961e-01	2.173706e-02	1.524590e-01	-6.536099e-02	2.536552e-02	-6.225803e-03	-6.875243e-03	-9.663424e-03	2.788182e-03
79            	3.429148e-02	4.304413e-02	-8.752655e-03	1.768252e-01	2.230620e-02	1.545190e-01	-6.610639e-02	2.589839e-02	-6.260059e-03	-6.884797e-03	-9.702457e-03	2.817661e-03
80            	3.448878e-02	4.370867e-02	-9.219894e-03	1.795837e-01	2.295177e-02	1.566320e-01	-6.684009e-02	2.646428e-02	-6.302675e-03	-6.895765e-03	-9.750557e-03	2.854792e-03
81            	3.465941e-02	4.451445e-02	-9.855034e-03	1.821050e-01	2.345871e-02	1.586463e-01	-6.759382e-02	2.718474e-02	-6.361763e-03	-6.906701e-03	-9.815113e-03	2.908412e-03
82            	3.478364e-02	4.539928e-02	-1.061564e-02	1.841989e-01	2.378529e-02	1.604136e-01	-6.831418e-02	2.800746e-02	-6.427719e-03	-6.916081e-03	-9.885759e-03	2.969678e-03
83            	3.488181e-02	4.626334e-02	-1.138153e-02	1.860222e-01	2.405104e-02	1.619711e-01	-6.896005e-02	2.882243e-02	-6.489602e-03	-6.924320e-03	-9.951762e-03	3.027442e-03
84            	3.498670e-02	4.708124e-02	-1.209454e-02	1.878642e-01	2.438591e-02	1.634783e-01	-6.954621e-02	2.958789e-02	-6.546078e-03	-6.932665e-03	-1.001241e-02	3.079746e-03
85            	3.510789e-02	4.787198e-02	-1.276409e-02	1.898119e-01	2.481727e-02	1.649946e-01	-7.008868e-02	3.031804e-02	-6.602021e-03	-6.942223e-03	-1.007313e-02	3.130909e-03
86            	3.523204e-02	4.867220e-02	-1.344015e-02	1.917446e-01	2.528042e-02	1.664642e-01	-7.059187e-02	3.105617e-02	-6.662691e-03	-6.953440e-03	-1.013941e-02	3.185971e-03
87            	3.533801e-02	4.948158e-02	-1.414356e-02	1.934814e-01	2.570037e-02	1.677810e-01	-7.104031e-02	3.181257e-02	-6.726568e-03	-6.965764e-03	-1.020945e-02	3.243686e-03
88            	3.541774e-02	5.026314e-02	-1.484540e-02	1.949579e-01	2.605744e-02	1.689005e-01	-7.142152e-02	3.255427e-02	-6.787604e-03	-6.977858e-03	-1.027653e-02	3.298675e-03
89            	3.548725e-02	5.101842e-02	-1.553117e-02	1.963186e-01	2.639176e-02	1.699268e-01	-7.176753e-02	3.327479e-02	-6.844830e-03	-6.989535e-03	-1.033960e-02	3.350063e-03
90            	3.556324e-02	5.175198e-02	-1.618874e-02	1.976988e-01	2.674509e-02	1.709537e-01	-7.210432e-02	3.397036e-02	-6.899514e-03	-7.001224e-03	-1.040013e-02	3.398902e-03
91            	3.564754e-02	5.246404e-02	-1.681650e-02	1.991134e-01	2.712715e-02	1.719863e-01	-7.242956e-02	3.464027e-02	-6.953524e-03	-7.013213e-03	-1.046013e-02	3.446918e-03
92            	3.572805e-02	5.314154e-02	-1.741349e-02	2.004685e-01	2.751617e-02	1.729524e-01	-7.271809e-02	3.527751e-02	-7.006588e-03	-7.025116e-03	-1.051915e-02	3.494030e-03
93            	3.579747e-02	5.378996e-02	-1.799248e-02	2.017147e-01	2.789099e-02	1.738237e-01	-7.296637e-02	3.589122e-02	-7.058843e-03	-7.036997e-03	-1.057734e-02	3.540344e-03
94            	3.585355e-02	5.439819e-02	-1.854465e-02	2.028404e-01	2.824340e-02	1.745970e-01	-7.317678e-02	3.647142e-02	-7.107679e-03	-7.048294e-03	-1.063183e-02	3.583532e-03
95            	3.590086e-02	5.496717e-02	-1.906631e-02	2.038911e-01	2.858425e-02	1.753069e-01	-7.336132e-02	3.701674e-02	-7.152145e-03	-7.058757e-03	-1.068152e-02	3.622767e-03
96            	3.594664e-02	5.552796e-02	-1.958132e-02	2.049405e-01	2.893271e-02	1.760078e-01	-7.353753e-02	3.755464e-02	-7.195415e-03	-7.068864e-03	-1.072985e-02	3.660983e-03
97            	3.598892e-02	5.607604e-02	-2.008713e-02	2.059723e-01	2.929117e-02	1.766812e-01	-7.369499e-02	3.808159e-02	-7.237959e-03	-7.078564e-03	-1.077724e-02	3.698677e-03
98            	3.602154e-02	5.660176e-02	-2.058022e-02	2.069346e-01	2.965186e-02	1.772828e-01	-7.381545e-02	3.859099e-02	-7.279414e-03	-7.087531e-03	-1.082318e-02	3.735648e-03
99            	3.604136e-02	5.710171e-02	-2.106036e-02	2.078014e-01	3.000717e-02	1.777942e-01	-7.389351e-02	3.908103e-02	-7.319042e-03	-7.095510e-03	-1.086680e-02	3.771287e-03
100           	3.604866e-02	5.757895e-02	-2.153029e-02	2.085815e-01	3.035664e-02	1.782248e-01	-7.393410e-02	3.955462e-02	-7.356006e-03	-7.102368e-03	-1.090719e-02	3.804823e-03
101           	3.604548e-02	5.803782e-02	-2.199234e-02	2.092962e-01	3.070562e-02	1.785906e-01	-7.394250e-02	4.001508e-02	-7.390114e-03	-7.108164e-03	-1.094420e-02	3.836032e-03
102           	3.603340e-02	5.847669e-02	-2.244329e-02	2.099565e-01	3.105948e-02	1.788970e-01	-7.391878e-02	4.045999e-02	-7.421258e-03	-7.113051e-03	-1.097778e-02	3.864733e-03
103           	3.601280e-02	5.889011e-02	-2.287731e-02	2.105563e-01	3.141973e-02	1.791365e-01	-7.385841e-02	4.088371e-02	-7.449068e-03	-7.117184e-03	-1.100766e-02	3.890476e-03
104           	3.598320e-02	5.927496e-02	-2.329176e-02	2.110821e-01	3.178451e-02	1.792976e-01	-7.375652e-02	4.128336e-02	-7.473542e-03	-7.120721e-03	-1.103390e-02	3.913182e-03
105           	3.594364e-02	5.962931e-02	-2.368567e-02	2.115223e-01	3.215174e-02	1.793706e-01	-7.360941e-02	4.165749e-02	-7.495004e-03	-7.123767e-03	-1.105689e-02	3.933120e-03
106           	3.589473e-02	5.995121e-02	-2.405647e-02	2.118780e-01	3.252040e-02	1.793576e-01	-7.341862e-02	4.200384e-02	-7.513746e-03	-7.126454e-03	-1.107697e-02	3.950519e-03
107           	3.583833e-02	6.024027e-02	-2.440195e-02	2.121617e-01	3.289071e-02	1.792710e-01	-7.319014e-02	4.232111e-02	-7.529594e-03	-7.128840e-03	-1.109401e-02	3.965174e-03
108           	3.577646e-02	6.049886e-02	-2.472241e-02	2.123871e-01	3.326262e-02	1.791245e-01	-7.293094e-02	4.261064e-02	-7.542537e-03	-7.130937e-03	-1.110801e-02	3.977069e-03
109           	3.570999e-02	6.072860e-02	-2.501861e-02	2.125604e-01	3.363512e-02	1.789253e-01	-7.264507e-02	4.287361e-02	-7.552848e-03	-7.132730e-03	-1.111921e-02	3.986483e-03
110           	3.563935e-02	6.092974e-02	-2.529039e-02	2.126820e-01	3.400606e-02	1.786759e-01	-7.233492e-02	4.311006e-02	-7.560902e-03	-7.134301e-03	-1.112805e-02	3.993752e-03
111           	3.559199e-02	6.122641e-02	-2.563442e-02	2.129858e-01	3.432238e-02	1.786635e-01	-7.217054e-02	4.343041e-02	-7.588655e-03	-7.136906e-03	-1.115711e-02	4.020201e-03
112           	3.553308e-02	6.148491e-02	-2.595183e-02	2.131959e-01	3.465874e-02	1.785372e-01	-7.193923e-02	4.371837e-02	-7.610306e-03	-7.139315e-03	-1.117996e-02	4.040648e-03
113           	3.544901e-02	6.162066e-02	-2.617165e-02	2.131701e-01	3.504228e-02	1.781278e-01	-7.154277e-02	4.389615e-02	-7.611165e-03	-7.141092e-03	-1.118171e-02	4.040619e-03
114           	3.535208e-02	6.164756e-02	-2.629548e-02	2.129763e-01	3.544074e-02	1.775355e-01	-7.104739e-02	4.397152e-02	-7.596260e-03	-7.142824e-03	-1.116767e-02	4.024848e-03
115           	3.526288e-02	6.164684e-02	-2.638397e-02	2.127873e-01	3.580797e-02	1.769793e-01	-7.058568e-02	4.401540e-02	-7.581046e-03	-7.145227e-03	-1.115366e-02	4.008433e-03
116           	3.518950e-02	6.167708e-02	-2.648758e-02	2.126996e-01	3.613153e-02	1.765680e-01	-7.021826e-02	4.408233e-02	-7.574208e-03	-7.148410e-03	-1.114841e-02	4.000003e-03
117           	3.511190e-02	6.166576e-02	-2.655386e-02	2.125701e-01	3.648904e-02	1.760811e-01	-6.979601e-02	4.410981e-02	-7.560397e-03	-7.152100e-03	-1.113645e-02	3.984347e-03
118           	3.503889e-02	6.165428e-02	-2.661539e-02	2.124645e-01	3.684034e-02	1.756242e-01	-6.939192e-02	4.413484e-02	-7.546254e-03	-7.156120e-03	-1.112431e-02	3.968194e-03
119           	3.497390e-02	6.165492e-02	-2.668102e-02	2.123946e-01	3.715211e-02	1.752425e-01	-6.904520e-02	4.416797e-02	-7.534622e-03	-7.160295e-03	-1.111477e-02	3.954474e-03
120           	3.491502e-02	6.165013e-02	-2.673511e-02	2.123327e-01	3.742605e-02	1.749066e-01	-6.874029e-02	4.419262e-02	-7.523728e-03	-7.164676e-03	-1.110607e-02	3.941390e-03
121           	3.485906e-02	6.161844e-02	-2.675937e-02	2.122551e-01	3.768583e-02	1.745693e-01	-6.844173e-02	4.418890e-02	-7.510252e-03	-7.169437e-03	-1.109497e-02	3.925534e-03
122           	3.480178e-02	6.147346e-02	-2.667168e-02	2.121058e-01	3.798179e-02	1.741240e-01	-6.807113e-02	4.407257e-02	-7.481606e-03	-7.174558e-03	-1.106888e-02	3.894327e-03
123           	3.475474e-02	6.138397e-02	-2.662923e-02	2.120215e-01	3.822035e-02	1.738011e-01	-6.779039e-02	4.400660e-02	-7.461688e-03	-7.179726e-03	-1.105155e-02	3.871825e-03
124           	3.471375e-02	6.135160e-02	-2.663785e-02	2.119835e-01	3.841795e-02	1.735656e-01	-6.757382e-02	4.399472e-02	-7.449223e-03	-7.185199e-03	-1.104182e-02	3.856623e-03
125           	3.467341e-02	6.132356e-02	-2.665015e-02	2.119442e-01	3.861218e-02	1.733320e-01	-6.735990e-02	4.398685e-02	-7.436355e-03	-7.191019e-03	-1.103187e-02	3.840846e-03
126           	3.463209e-02	6.125512e-02	-2.662303e-02	2.118787e-01	3.882207e-02	1.730566e-01	-6.711728e-02	4.393907e-02	-7.417395e-03	-7.197040e-03	-1.101591e-02	3.818875e-03
127           	3.459141e-02	6.114214e-02	-2.655073e-02	2.117949e-01	3.903780e-02	1.727571e-01	-6.685963e-02	4.384643e-02	-7.392869e-03	-7.203038e-03	-1.099439e-02	3.791350e-03
128           	3.455312e-02	6.101334e-02	-2.646022e-02	2.117126e-01	3.923819e-02	1.724745e-01	-6.661813e-02	4.373678e-02	-7.367148e-03	-7.208848e-03	-1.097157e-02	3.762724e-03
129           	3.451741e-02	6.089550e-02	-2.637810e-02	2.116436e-01	3.941375e-02	1.722298e-01	-6.640805e-02	4.363680e-02	-7.343463e-03	-7.214488e-03	-1.095071e-02	3.736219e-03
130           	3.448333e-02	6.079115e-02	-2.630783e-02	2.115840e-01	3.957189e-02	1.720121e-01	-6.622011e-02	4.354949e-02	-7.321663e-03	-7.220071e-03	-1.093170e-02	3.711627e-03
131           	3.444998e-02	6.068508e-02	-2.623510e-02	2.115236e-01	3.972498e-02	1.717986e-01	-6.603683e-02	4.346009e-02	-7.299680e-03	-7.225661e-03	-1.091251e-02	3.686849e-03
132           	3.441737e-02	6.056423e-02	-2.614686e-02	2.114589e-01	3.987784e-02	1.715810e-01	-6.585160e-02	4.335555e-02	-7.276125e-03	-7.231191e-03	-1.089172e-02	3.660530e-03
133           	3.438573e-02	6.042770e-02	-2.604197e-02	2.113934e-01	4.002602e-02	1.713674e-01	-6.567069e-02	4.323483e-02	-7.251067e-03	-7.236494e-03	-1.086931e-02	3.632819e-03
134           	3.435508e-02	6.028377e-02	-2.592869e-02	2.113316e-01	4.016288e-02	1.711687e-01	-6.550291e-02	4.310623e-02	-7.225465e-03	-7.241461e-03	-1.084620e-02	3.604735e-03
135           	3.432524e-02	6.014001e-02	-2.581477e-02	2.112741e-01	4.028650e-02	1.709876e-01	-6.535055e-02	4.297739e-02	-7.200090e-03	-7.246112e-03	-1.082315e-02	3.577034e-03
136           	3.429602e-02	5.999751e-02	-2.570149e-02	2.112184e-01	4.040013e-02	1.708183e-01	-6.520909e-02	4.284950e-02	-7.174942e-03	-7.250528e-03	-1.080021e-02	3.549678e-03
137           	3.426748e-02	5.985384e-02	-2.558636e-02	2.111628e-01	4.050784e-02	1.706549e-01	-6.507355e-02	4.272010e-02	-7.149703e-03	-7.254753e-03	-1.077708e-02	3.522326e-03
138           	3.424006e-02	5.970892e-02	-2.546886e-02	2.111092e-01	4.061066e-02	1.704986e-01	-6.494396e-02	4.258889e-02	-7.124373e-03	-7.258795e-03	-1.075377e-02	3.494975e-03
139           	3.421371e-02	5.956389e-02	-2.535017e-02	2.110585e-01	4.070726e-02	1.703513e-01	-6.482201e-02	4.245703e-02	-7.098994e-03	-7.262590e-03	-1.073029e-02	3.467699e-03
140           	3.418791e-02	5.942019e-02	-2.523228e-02	2.110085e-01	4.079617e-02	1.702123e-01	-6.470807e-02	4.232624e-02	-7.073630e-03	-7.266081e-03	-1.070667e-02	3.440589e-03
141           	3.416242e-02	5.927965e-02	-2.511723e-02	2.109571e-01	4.087724e-02	1.700799e-01	-6.460133e-02	4.219844e-02	-7.048480e-03	-7.269279e-03	-1.068312e-02	3.413840e-03
142           	3.413747e-02	5.914289e-02	-2.500542e-02	2.109031e-01	4.095172e-02	1.699514e-01	-6.449981e-02	4.207415e-02	-7.023757e-03	-7.272256e-03	-1.065988e-02	3.387629e-03
143           	3.411340e-02	5.900886e-02	-2.489546e-02	2.108450e-01	4.102126e-02	1.698238e-01	-6.440126e-02	4.195216e-02	-6.999489e-03	-7.275070e-03	-1.063702e-02	3.361954e-03
144           	3.409023e-02	5.887682e-02	-2.478659e-02	2.107827e-01	4.108662e-02	1.696960e-01	-6.430471e-02	4.183171e-02	-6.975586e-03	-7.277734e-03	-1.061445e-02	3.336718e-03
145           	3.406769e-02	5.874718e-02	-2.467949e-02	2.107166e-01	4.114761e-02	1.695690e-01	-6.421067e-02	4.171334e-02	-6.951941e-03	-7.280211e-03	-1.059205e-02	3.311836e-03
146           	3.404553e-02	5.862129e-02	-2.457576e-02	2.106476e-01	4.120375e-02	1.694438e-01	-6.412004e-02	4.159852e-02	-6.928624e-03	-7.282473e-03	-1.056986e-02	3.287388e-03
147           	3.402374e-02	5.850003e-02	-2.447629e-02	2.105757e-01	4.125508e-02	1.693207e-01	-6.403279e-02	4.148816e-02	-6.905861e-03	-7.284539e-03	-1.054813e-02	3.263591e-03
148           	3.400244e-02	5.838293e-02	-2.438049e-02	2.105000e-01	4.130221e-02	1.691978e-01	-6.394778e-02	4.138171e-02	-6.883816e-03	-7.286453e-03	-1.052704e-02	3.240590e-03
149           	3.398161e-02	5.826860e-02	-2.428699e-02	2.104193e-01	4.134594e-02	1.690734e-01	-6.386373e-02	4.127780e-02	-6.862425e-03	-7.288235e-03	-1.050654e-02	3.218308e-03
150           	3.396103e-02	5.815589e-02	-2.419486e-02	2.103336e-01	4.138675e-02	1.689469e-01	-6.378006e-02	4.117538e-02	-6.841508e-03	-7.289867e-03	-1.048644e-02	3.196574e-03
151           	3.394050e-02	5.804442e-02	-2.410392e-02	2.102434e-01	4.142476e-02	1.688187e-01	-6.369695e-02	4.107417e-02	-6.820983e-03	-7.291330e-03	-1.046665e-02	3.175318e-03
152           	3.391998e-02	5.793419e-02	-2.401421e-02	2.101491e-01	4.146004e-02	1.686891e-01	-6.361453e-02	4.097420e-02	-6.800910e-03	-7.292619e-03	-1.044722e-02	3.154601e-03
153           	3.389961e-02	5.782527e-02	-2.392566e-02	2.100507e-01	4.149274e-02	1.685580e-01	-6.353261e-02	4.087546e-02	-6.781460e-03	-7.293762e-03	-1.042834e-02	3.134579e-03
154           	3.387953e-02	5.771704e-02	-2.383750e-02	2.099476e-01	4.152325e-02	1.684243e-01	-6.345054e-02	4.077727e-02	-6.762742e-03	-7.294802e-03	-1.041014e-02	3.115341e-03
155           	3.385973e-02	5.760842e-02	-2.374868e-02	2.098389e-01	4.155202e-02	1.682869e-01	-6.336745e-02	4.067855e-02	-6.744701e-03	-7.295766e-03	-1.039258e-02	3.096818e-03
156           	3.384004e-02	5.749829e-02	-2.365825e-02	2.097242e-01	4.157939e-02	1.681448e-01	-6.328271e-02	4.057827e-02	-6.727141e-03	-7.296650e-03	-1.037547e-02	3.078816e-03
157           	3.382030e-02	5.738593e-02	-2.356564e-02	2.096033e-01	4.160554e-02	1.679978e-01	-6.319612e-02	4.047578e-02	-6.709870e-03	-7.297439e-03	-1.035859e-02	3.061151e-03
158           	3.380051e-02	5.727128e-02	-2.347077e-02	2.094768e-01	4.163051e-02	1.678463e-01	-6.310790e-02	4.037103e-02	-6.692845e-03	-7.298127e-03	-1.034191e-02	3.043781e-03
159           	3.378083e-02	5.715470e-02	-2.337387e-02	2.093454e-01	4.165434e-02	1.676911e-01	-6.301837e-02	4.026428e-02	-6.676179e-03	-7.298737e-03	-1.032555e-02	3.026811e-03
160           	3.376144e-02	5.703645e-02	-2.327501e-02	2.092095e-01	4.167716e-02	1.675324e-01	-6.292761e-02	4.015573e-02	-6.659985e-03	-7.299299e-03	-1.030963e-02	3.010336e-03
161           	3.374243e-02	5.691667e-02	-2.317425e-02	2.090695e-01	4.169909e-02	1.673704e-01	-6.283564e-02	4.004546e-02	-6.644297e-03	-7.299838e-03	-1.029422e-02	2.994377e-03
162           	3.372376e-02	5.679530e-02	-2.307154e-02	2.089253e-01	4.172018e-02	1.672052e-01	-6.274249e-02	3.993342e-02	-6.629047e-03	-7.300355e-03	-1.027922e-02	2.978870e-03
163           	3.370538e-02	5.667244e-02	-2.296706e-02	2.087775e-01	4.174041e-02	1.670370e-01	-6.264832e-02	3.981975e-02	-6.614171e-03	-7.300838e-03	-1.026459e-02	2.963752e-03
164           	3.368724e-02	5.654859e-02	-2.286135e-02	2.086263e-01	4.175971e-02	1.668666e-01	-6.255344e-02	3.970497e-02	-6.599652e-03	-7.301287e-03	-1.025029e-02	2.949008e-03
165           	3.366937e-02	5.642449e-02	-2.275511e-02	2.084725e-01	4.177803e-02	1.666945e-01	-6.245825e-02	3.958980e-02	-6.585501e-03	-7.301702e-03	-1.023635e-02	2.934650e-03
166           	3.365177e-02	5.630065e-02	-2.264889e-02	2.083167e-01	4.179533e-02	1.665213e-01	-6.236301e-02	3.947477e-02	-6.571721e-03	-7.302086e-03	-1.022276e-02	2.920678e-03
167           	3.363441e-02	5.617749e-02	-2.254308e-02	2.081592e-01	4.181164e-02	1.663475e-01	-6.226795e-02	3.936029e-02	-6.558298e-03	-7.302436e-03	-1.020952e-02	2.907080e-03
168           	3.361725e-02	5.605534e-02	-2.243808e-02	2.080005e-01	4.182695e-02	1.661735e-01	-6.217328e-02	3.924671e-02	-6.545201e-03	-7.302750e-03	-1.019658e-02	2.893826e-03
169           	3.360067e-02	5.593916e-02	-2.233849e-02	2.078453e-01	4.184108e-02	1.660042e-01	-6.208155e-02	3.913882e-02	-6.532846e-03	-7.303016e-03	-1.018435e-02	2.881338e-03
170           	3.358380e-02	5.581971e-02	-2.223591e-02	2.076845e-01	4.185440e-02	1.658301e-01	-6.198785e-02	3.902781e-02	-6.520356e-03	-7.303249e-03	-1.017198e-02	2.868731e-03
171           	3.356687e-02	5.569971e-02	-2.213284e-02	2.075207e-01	4.186679e-02	1.656539e-01	-6.189355e-02	3.891628e-02	-6.507985e-03	-7.303455e-03	-1.015971e-02	2.856258e-03
172           	3.355027e-02	5.558382e-02	-2.203355e-02	2.073582e-01	4.187806e-02	1.654801e-01	-6.180102e-02	3.880868e-02	-6.496149e-03	-7.303633e-03	-1.014797e-02	2.844332e-03
173           	3.353477e-02	5.548136e-02	-2.194658e-02	2.072062e-01	4.188794e-02	1.653183e-01	-6.171518e-02	3.871397e-02	-6.485696e-03	-7.303786e-03	-1.013759e-02	2.833803e-03
174           	3.352434e-02	5.542823e-02	-2.190388e-02	2.071055e-01	4.189467e-02	1.652108e-01	-6.165806e-02	3.866605e-02	-6.480105e-03	-7.303919e-03	-1.013206e-02	2.828146e-03
175           	3.350940e-02	5.533947e-02	-2.183007e-02	2.069609e-01	4.190327e-02	1.650576e-01	-6.157718e-02	3.858477e-02	-6.470925e-03	-7.303952e-03	-1.012290e-02	2.818949e-03
176           	3.349033e-02	5.521400e-02	-2.172367e-02	2.067743e-01	4.191336e-02	1.648609e-01	-6.147378e-02	3.846884e-02	-6.458037e-03	-7.303904e-03	-1.010999e-02	2.806085e-03
177           	3.347024e-02	5.507500e-02	-2.160475e-02	2.065735e-01	4.192303e-02	1.646505e-01	-6.136375e-02	3.833987e-02	-6.443849e-03	-7.303824e-03	-1.009576e-02	2.791937e-03
178           	3.345236e-02	5.495203e-02	-2.149968e-02	2.063900e-01	4.193049e-02	1.644595e-01	-6.126449e-02	3.822586e-02	-6.431454e-03	-7.303764e-03	-1.008334e-02	2.779572e-03
179           	3.343775e-02	5.486041e-02	-2.142265e-02	2.062366e-01	4.193538e-02	1.643012e-01	-6.118290e-02	3.814153e-02	-6.422430e-03	-7.303737e-03	-1.007430e-02	2.770561e-03
180           	3.342539e-02	5.479674e-02	-2.137135e-02	2.061062e-01	4.193864e-02	1.641675e-01	-6.111444e-02	3.808404e-02	-6.416361e-03	-7.303718e-03	-1.006822e-02	2.764501e-03
181           	3.341364e-02	5.474932e-02	-2.133569e-02	2.059851e-01	4.194158e-02	1.640435e-01	-6.105098e-02	3.804251e-02	-6.411899e-03	-7.303672e-03	-1.006374e-02	2.760063e-03
182           	3.340142e-02	5.470524e-02	-2.130383e-02	2.058628e-01	4.194522e-02	1.639176e-01	-6.098619e-02	3.800454e-02	-6.407547e-03	-7.303573e-03	-1.005933e-02	2.755760e-03
183           	3.338836e-02	5.465440e-02	-2.126604e-02	2.057337e-01	4.194995e-02	1.637838e-01	-6.091692e-02	3.796022e-02	-6.402195e-03	-7.303409e-03	-1.005390e-02	2.750490e-03
184           	3.337472e-02	5.459372e-02	-2.121900e-02	2.055977e-01	4.195552e-02	1.636422e-01	-6.084335e-02	3.790636e-02	-6.395670e-03	-7.303195e-03	-1.004727e-02	2.744073e-03
185           	3.336108e-02	5.452801e-02	-2.116694e-02	2.054588e-01	4.196125e-02	1.634976e-01	-6.076816e-02	3.784748e-02	-6.388731e-03	-7.302958e-03	-1.004021e-02	2.737252e-03
186           	3.334799e-02	5.446612e-02	-2.111813e-02	2.053227e-01	4.196650e-02	1.633562e-01	-6.069487e-02	3.779212e-02	-6.382487e-03	-7.302731e-03	-1.003385e-02	2.731122e-03
187           	3.333580e-02	5.441583e-02	-2.108003e-02	2.051947e-01	4.197101e-02	1.632237e-01	-6.062633e-02	3.774793e-02	-6.377755e-03	-7.302533e-03	-1.002902e-02	2.726489e-03
188           	3.332466e-02	5.438089e-02	-2.105622e-02	2.050781e-01	4.197498e-02	1.631031e-01	-6.056408e-02	3.771855e-02	-6.374752e-03	-7.302368e-03	-1.002594e-02	2.723568e-03
189           	3.331455e-02	5.436001e-02	-2.104546e-02	2.049741e-01	4.197892e-02	1.629951e-01	-6.050810e-02	3.770273e-02	-6.373099e-03	-7.302223e-03	-1.002421e-02	2.721987e-03
190           	3.330521e-02	5.434797e-02	-2.104276e-02	2.048802e-01	4.198342e-02	1.628968e-01	-6.045669e-02	3.769536e-02	-6.372081e-03	-7.302071e-03	-1.002312e-02	2.721045e-03
191           	3.329626e-02	5.433850e-02	-2.104224e-02	2.047921e-01	4.198888e-02	1.628032e-01	-6.040718e-02	3.769037e-02	-6.371045e-03	-7.301888e-03	-1.002199e-02	2.720101e-03
192           	3.328734e-02	5.432746e-02	-2.104012e-02	2.047053e-01	4.199532e-02	1.627100e-01	-6.035734e-02	3.768379e-02	-6.369714e-03	-7.301661e-03	-1.002055e-02	2.718884e-03
193           	3.327832e-02	5.431443e-02	-2.103610e-02	2.046178e-01	4.200244e-02	1.626153e-01	-6.030644e-02	3.767527e-02	-6.368254e-03	-7.301405e-03	-1.001896e-02	2.717551e-03
194           	3.326937e-02	5.430226e-02	-2.103289e-02	2.045307e-01	4.200974e-02	1.625209e-01	-6.025559e-02	3.766758e-02	-6.367102e-03	-7.301151e-03	-1.001768e-02	2.716527e-03
195           	3.326083e-02	5.429512e-02	-2.103429e-02	2.044477e-01	4.201688e-02	1.624308e-01	-6.020696e-02	3.766470e-02	-6.366700e-03	-7.300931e-03	-1.001717e-02	2.716235e-03
196           	3.325303e-02	5.429615e-02	-2.104312e-02	2.043725e-01	4.202382e-02	1.623487e-01	-6.016245e-02	3.766964e-02	-6.367261e-03	-7.300761e-03	-1.001764e-02	2.716880e-03
197           	3.324607e-02	5.430603e-02	-2.105997e-02	2.043070e-01	4.203085e-02	1.622762e-01	-6.012266e-02	3.768300e-02	-6.368702e-03	-7.300634e-03	-1.001902e-02	2.718385e-03
198           	3.323980e-02	5.432290e-02	-2.108310e-02	2.042503e-01	4.203844e-02	1.622118e-01	-6.008669e-02	3.770300e-02	-6.370723e-03	-7.300523e-03	-1.002098e-02	2.720462e-03
199           	3.323393e-02	5.434354e-02	-2.110961e-02	2.041994e-01	4.204691e-02	1.621525e-01	-6.005281e-02	3.772657e-02	-6.372983e-03	-7.300403e-03	-1.002318e-02	2.722782e-03
200           	3.322817e-02	5.436500e-02	-2.113683e-02	2.041512e-01	4.205633e-02	1.620949e-01	-6.001929e-02	3.775091e-02	-6.375257e-03	-7.300261e-03	-1.002539e-02	2.725126e-03
