# Force and moment coefficients
# dragDir     : (9.961909e-01 0.000000e+00 8.719920e-02)
# sideDir     : (0.000000e+00 1.000000e+00 -0.000000e+00)
# liftDir     : (-8.719920e-02 0.000000e+00 9.961909e-01)
# rollAxis    : (9.961909e-01 0.000000e+00 8.719920e-02)
# pitchAxis   : (0.000000e+00 1.000000e+00 -0.000000e+00)
# yawAxis     : (-8.719920e-02 0.000000e+00 9.961909e-01)
# magUInf     : 3.000000e+01
# lRef        : 2.000000e-01
# Aref        : 1.200000e-01
# CofR        : (5.000000e-02 -3.000000e-01 0.000000e+00)
#
# Time        	Cd            	Cd(f)         	Cd(r)         	Cl            	Cl(f)         	Cl(r)         	CmPitch       	CmRoll        	CmYaw         	Cs            	Cs(f)         	Cs(r)         
1             	2.701065e+00	8.328076e-01	1.868257e+00	7.392456e+00	-6.254837e+00	1.364729e+01	-9.951065e+00	-5.177248e-01	1.580465e+00	1.160971e+00	2.160951e+00	-9.999797e-01
2             	1.526245e+00	5.845458e-01	9.416994e-01	4.451685e+00	-3.548233e+00	7.999918e+00	-5.774076e+00	-1.785768e-01	7.627130e-01	6.333850e-01	1.079405e+00	-4.460205e-01
3             	-3.417002e-01	-2.233955e-02	-3.193606e-01	-6.032710e-01	7.793067e-01	-1.382578e+00	1.080942e+00	1.485105e-01	-3.536647e-01	-1.877053e-01	-4.475174e-01	2.598121e-01
4             	-1.346270e+00	-4.007244e-01	-9.455459e-01	-3.492779e+00	3.122688e+00	-6.615466e+00	4.869077e+00	2.724108e-01	-8.815106e-01	-6.199071e-01	-1.191464e+00	5.715570e-01
5             	-9.746925e-01	-3.269361e-01	-6.477564e-01	-2.759129e+00	2.319383e+00	-5.078512e+00	3.698947e+00	1.604101e-01	-5.651315e-01	-4.399577e-01	-7.851103e-01	3.451526e-01
6             	4.406097e-02	-1.748624e-02	6.154721e-02	-7.458833e-02	-6.216352e-02	-1.242480e-02	-2.486936e-02	-3.951673e-02	8.039009e-02	1.509999e-02	8.794008e-02	-7.284009e-02
7             	7.204720e-01	2.165026e-01	5.039693e-01	1.847712e+00	-1.662435e+00	3.510147e+00	-2.586291e+00	-1.437334e-01	4.531190e-01	3.092030e-01	6.077206e-01	-2.985175e-01
8             	6.628788e-01	2.316853e-01	4.311935e-01	1.796465e+00	-1.509538e+00	3.306003e+00	-2.407770e+00	-9.975413e-02	3.603411e-01	2.765078e-01	4.985950e-01	-2.220873e-01
9             	1.435746e-01	9.108845e-02	5.248617e-02	3.749076e-01	-2.293876e-01	6.042952e-01	-4.168414e-01	1.930114e-02	1.261274e-02	4.537509e-02	3.530028e-02	1.007481e-02
10            	-2.890268e-01	-4.813078e-02	-2.408960e-01	-8.722136e-01	8.165669e-01	-1.688781e+00	1.252674e+00	9.638260e-02	-2.412647e-01	-1.427241e-01	-3.126267e-01	1.699027e-01
11            	-3.380298e-01	-8.231606e-02	-2.557138e-01	-1.051661e+00	8.968619e-01	-1.948523e+00	1.422692e+00	8.669885e-02	-2.358812e-01	-1.603702e-01	-3.160663e-01	1.556961e-01
12            	-9.109273e-02	-2.461401e-02	-6.647872e-02	-3.463520e-01	2.356657e-01	-5.820177e-01	4.088417e-01	2.093236e-02	-5.613727e-02	-5.053062e-02	-8.140258e-02	3.087196e-02
13            	1.631158e-01	4.985287e-02	1.132629e-01	4.074750e-01	-4.131964e-01	8.206713e-01	-6.169339e-01	-3.170502e-02	1.025245e-01	5.988273e-02	1.324659e-01	-7.258313e-02
14            	2.333650e-01	8.277041e-02	1.505946e-01	6.206154e-01	-5.590188e-01	1.179634e+00	-8.693265e-01	-3.391211e-02	1.281929e-01	8.924446e-02	1.728151e-01	-8.357069e-02
15            	1.255559e-01	6.556685e-02	5.998908e-02	2.881504e-01	-2.381079e-01	5.262583e-01	-3.821831e-01	2.788882e-03	4.190683e-02	4.192677e-02	6.287022e-02	-2.094345e-02
16            	-1.600923e-02	3.104430e-02	-4.705353e-02	-1.478623e-01	1.424551e-01	-2.903174e-01	2.163862e-01	3.904891e-02	-5.264118e-02	-1.913335e-02	-6.220786e-02	4.307451e-02
17            	-7.417360e-02	1.099244e-02	-8.516604e-02	-3.152478e-01	2.682639e-01	-5.835117e-01	4.258878e-01	4.807924e-02	-8.206949e-02	-4.410870e-02	-1.041238e-01	6.001514e-02
18            	-3.195942e-02	1.411916e-02	-4.607859e-02	-1.554285e-01	1.113914e-01	-2.668199e-01	1.891057e-01	3.009888e-02	-4.470992e-02	-2.656255e-02	-5.799119e-02	3.142864e-02
19            	4.407580e-02	2.917372e-02	1.490208e-02	1.074979e-01	-1.185716e-01	2.260695e-01	-1.723205e-01	7.135819e-03	8.827446e-03	5.227995e-03	1.144144e-02	-6.213448e-03
20            	8.477150e-02	4.106429e-02	4.370721e-02	2.414545e-01	-2.218525e-01	4.633070e-01	-3.425797e-01	-1.321457e-03	3.244623e-02	2.224481e-02	4.356864e-02	-2.132383e-02
21            	7.148638e-02	4.322292e-02	2.826346e-02	1.883442e-01	-1.598902e-01	3.482344e-01	-2.540623e-01	7.479730e-03	1.798168e-02	1.674453e-02	2.635395e-02	-9.609420e-03
22            	3.337143e-02	3.840365e-02	-5.032221e-03	5.659587e-02	-3.708108e-02	9.367695e-02	-6.537901e-02	2.171794e-02	-1.088274e-02	7.771281e-04	-1.049418e-02	1.127131e-02
23            	8.525898e-03	3.292489e-02	-2.439899e-02	-1.792537e-02	2.751219e-02	-4.543756e-02	3.647488e-02	2.866194e-02	-2.738030e-02	-9.932150e-03	-3.234638e-02	2.241423e-02
24            	1.158690e-02	3.078746e-02	-1.920056e-02	1.176279e-02	-1.235081e-03	1.299787e-02	-7.116475e-03	2.499401e-02	-2.324236e-02	-9.262864e-03	-2.787380e-02	1.861093e-02
25            	3.081263e-02	3.204357e-02	-1.230937e-03	9.578924e-02	-7.389291e-02	1.696822e-01	-1.217875e-01	1.663725e-02	-8.680576e-03	-1.869518e-03	-9.615334e-03	7.745817e-03
26            	4.615231e-02	3.445342e-02	1.169889e-02	1.576757e-01	-1.222881e-01	2.799638e-01	-2.011260e-01	1.137726e-02	1.592801e-03	4.153903e-03	3.669753e-03	4.841506e-04
27            	4.730516e-02	3.609488e-02	1.121028e-02	1.612084e-01	-1.177571e-01	2.789655e-01	-1.983613e-01	1.244230e-02	1.034250e-03	4.610196e-03	3.339348e-03	1.270848e-03
28            	3.854597e-02	3.630514e-02	2.240836e-03	1.276150e-01	-8.255194e-02	2.101669e-01	-1.463594e-01	1.703215e-02	-6.315203e-03	1.100995e-03	-5.764705e-03	6.865701e-03
29            	3.018756e-02	3.559497e-02	-5.407408e-03	9.927989e-02	-5.508551e-02	1.543654e-01	-1.047255e-01	2.050119e-02	-1.263680e-02	-2.325493e-03	-1.379954e-02	1.147405e-02
30            	2.880449e-02	3.471942e-02	-5.914924e-03	1.011804e-01	-5.599784e-02	1.571782e-01	-1.065880e-01	2.031717e-02	-1.343418e-02	-3.063829e-03	-1.496609e-02	1.190226e-02
31            	3.324122e-02	3.420828e-02	-9.670540e-04	1.259012e-01	-7.668084e-02	2.025820e-01	-1.396314e-01	1.758767e-02	-9.986174e-03	-1.515939e-03	-1.074414e-02	9.228205e-03
32            	3.818099e-02	3.415818e-02	4.022813e-03	1.501272e-01	-9.557534e-02	2.457026e-01	-1.706390e-01	1.506768e-02	-6.403268e-03	2.890484e-04	-6.258744e-03	6.547792e-03
33            	3.964791e-02	3.444572e-02	5.202185e-03	1.576912e-01	-9.892312e-02	2.566143e-01	-1.777687e-01	1.462177e-02	-5.535051e-03	8.202240e-04	-5.124939e-03	5.945163e-03
34            	3.775118e-02	3.482194e-02	2.929230e-03	1.505685e-01	-8.964150e-02	2.402100e-01	-1.649257e-01	1.594636e-02	-7.135955e-03	9.278326e-05	-7.089563e-03	7.182346e-03
35            	3.501221e-02	3.511972e-02	-1.075039e-04	1.406297e-01	-7.880518e-02	2.194349e-01	-1.491200e-01	1.761361e-02	-9.249575e-03	-9.538274e-04	-9.726489e-03	8.772661e-03
36            	3.395333e-02	3.522782e-02	-1.274485e-03	1.389064e-01	-7.610617e-02	2.150125e-01	-1.455594e-01	1.825115e-02	-1.004393e-02	-1.385865e-03	-1.073686e-02	9.350994e-03
37            	3.484196e-02	3.520703e-02	-3.650728e-04	1.459425e-01	-8.140601e-02	2.273485e-01	-1.543773e-01	1.778605e-02	-9.393029e-03	-1.105156e-03	-9.945606e-03	8.840451e-03
38            	3.643937e-02	3.517923e-02	1.260143e-03	1.557725e-01	-8.889496e-02	2.446674e-01	-1.667812e-01	1.695954e-02	-8.272815e-03	-5.742592e-04	-8.559945e-03	7.985686e-03
39            	3.726297e-02	3.527661e-02	1.986360e-03	1.614508e-01	-9.244469e-02	2.538955e-01	-1.731701e-01	1.664513e-02	-7.756421e-03	-3.242988e-04	-7.918571e-03	7.594272e-03
40            	3.697333e-02	3.546575e-02	1.507577e-03	1.616797e-01	-9.128777e-02	2.529675e-01	-1.721276e-01	1.697909e-02	-8.050134e-03	-4.703957e-04	-8.285332e-03	7.814936e-03
41            	3.616277e-02	3.568466e-02	4.781125e-04	1.596540e-01	-8.839296e-02	2.480469e-01	-1.682199e-01	1.760327e-02	-8.702876e-03	-7.964365e-04	-9.101095e-03	8.304658e-03
42            	3.569791e-02	3.581912e-02	-1.212089e-04	1.594469e-01	-8.743725e-02	2.468841e-01	-1.671607e-01	1.797016e-02	-9.080139e-03	-9.897198e-04	-9.574999e-03	8.585280e-03
43            	3.585930e-02	3.582318e-02	3.612520e-05	1.622581e-01	-8.932216e-02	2.515803e-01	-1.704512e-01	1.789353e-02	-8.996254e-03	-9.587540e-04	-9.475631e-03	8.516877e-03
44            	3.638752e-02	3.572578e-02	6.617334e-04	1.667045e-01	-9.263380e-02	2.593383e-01	-1.759860e-01	1.753203e-02	-8.658263e-03	-8.056155e-04	-9.061071e-03	8.255456e-03
45            	3.677095e-02	3.560859e-02	1.162366e-03	1.701091e-01	-9.498006e-02	2.650891e-01	-1.800346e-01	1.722311e-02	-8.420816e-03	-7.034849e-04	-8.772559e-03	8.069074e-03
46            	3.679281e-02	3.551625e-02	1.276558e-03	1.714965e-01	-9.554047e-02	2.670370e-01	-1.812887e-01	1.711985e-02	-8.424031e-03	-7.226071e-04	-8.785334e-03	8.062727e-03
47            	3.655459e-02	3.544031e-02	1.114283e-03	1.714894e-01	-9.495516e-02	2.664446e-01	-1.806999e-01	1.716301e-02	-8.580994e-03	-8.212175e-04	-8.991603e-03	8.170386e-03
48            	3.629607e-02	3.534559e-02	9.504800e-04	1.713467e-01	-9.437504e-02	2.657217e-01	-1.800484e-01	1.719755e-02	-8.721205e-03	-9.150204e-04	-9.178715e-03	8.263695e-03
49            	3.619366e-02	3.520735e-02	9.863085e-04	1.719146e-01	-9.453485e-02	2.664494e-01	-1.804921e-01	1.711052e-02	-8.735971e-03	-9.476249e-04	-9.209783e-03	8.262158e-03
50            	3.621812e-02	3.502385e-02	1.194276e-03	1.730435e-01	-9.521657e-02	2.682600e-01	-1.817383e-01	1.691479e-02	-8.662851e-03	-9.376469e-04	-9.131674e-03	8.194027e-03
51            	3.623956e-02	3.483019e-02	1.409374e-03	1.740684e-01	-9.576826e-02	2.698367e-01	-1.828025e-01	1.671041e-02	-8.599591e-03	-9.325536e-04	-9.065868e-03	8.133315e-03
52            	3.614458e-02	3.468188e-02	1.462702e-03	1.743726e-01	-9.565954e-02	2.700321e-01	-1.828458e-01	1.660959e-02	-8.618755e-03	-9.656013e-04	-9.101556e-03	8.135955e-03
53            	3.593442e-02	3.458061e-02	1.353803e-03	1.739877e-01	-9.494823e-02	2.689359e-01	-1.819421e-01	1.661340e-02	-8.709630e-03	-1.032670e-03	-9.225966e-03	8.193295e-03
54            	3.567660e-02	3.450217e-02	1.174433e-03	1.732756e-01	-9.399604e-02	2.672716e-01	-1.806338e-01	1.666387e-02	-8.819514e-03	-1.108182e-03	-9.373604e-03	8.265423e-03
55            	3.545289e-02	3.442464e-02	1.028243e-03	1.726823e-01	-9.320966e-02	2.658919e-01	-1.795508e-01	1.669820e-02	-8.898281e-03	-1.166282e-03	-9.481422e-03	8.315140e-03
56            	3.524047e-02	3.439704e-02	8.434287e-04	1.721830e-01	-9.253885e-02	2.647218e-01	-1.786303e-01	1.677681e-02	-8.973805e-03	-1.215650e-03	-9.581630e-03	8.365980e-03
57            	3.505877e-02	3.437430e-02	6.844706e-04	1.718458e-01	-9.198488e-02	2.638307e-01	-1.779078e-01	1.684491e-02	-9.037603e-03	-1.257215e-03	-9.666210e-03	8.408995e-03
58            	3.489355e-02	3.433213e-02	5.614210e-04	1.715854e-01	-9.145203e-02	2.630375e-01	-1.772447e-01	1.688536e-02	-9.095237e-03	-1.296862e-03	-9.743668e-03	8.446806e-03
59            	3.473060e-02	3.428420e-02	4.464050e-04	1.713109e-01	-9.089320e-02	2.622041e-01	-1.765486e-01	1.691890e-02	-9.154462e-03	-1.337943e-03	-9.823433e-03	8.485491e-03
60            	3.456556e-02	3.425779e-02	3.077667e-04	1.709984e-01	-9.032742e-02	2.613258e-01	-1.758266e-01	1.697501e-02	-9.219273e-03	-1.380092e-03	-9.909319e-03	8.529227e-03
61            	3.440174e-02	3.426289e-02	1.388479e-04	1.706795e-01	-8.979710e-02	2.604766e-01	-1.751368e-01	1.706202e-02	-9.288736e-03	-1.421872e-03	-9.999672e-03	8.577800e-03
62            	3.424984e-02	3.428682e-02	-3.698743e-05	1.704320e-01	-8.936659e-02	2.597986e-01	-1.745826e-01	1.716191e-02	-9.356915e-03	-1.460036e-03	-1.008693e-02	8.626896e-03
63            	3.412026e-02	3.431406e-02	-1.938075e-04	1.703191e-01	-8.907205e-02	2.593912e-01	-1.742316e-01	1.725394e-02	-9.417088e-03	-1.491251e-03	-1.016271e-02	8.671462e-03
64            	3.401189e-02	3.434266e-02	-3.307702e-04	1.703282e-01	-8.888031e-02	2.592085e-01	-1.740444e-01	1.733672e-02	-9.469401e-03	-1.515940e-03	-1.022737e-02	8.711431e-03
65            	3.391932e-02	3.438251e-02	-4.631867e-04	1.704291e-01	-8.875300e-02	2.591821e-01	-1.739676e-01	1.742285e-02	-9.518012e-03	-1.536402e-03	-1.028621e-02	8.749810e-03
66            	3.384136e-02	3.444165e-02	-6.002875e-04	1.706130e-01	-8.869155e-02	2.593046e-01	-1.739981e-01	1.752097e-02	-9.564590e-03	-1.553844e-03	-1.034151e-02	8.787668e-03
67            	3.377852e-02	3.451870e-02	-7.401772e-04	1.708784e-01	-8.871189e-02	2.595903e-01	-1.741511e-01	1.762944e-02	-9.608377e-03	-1.568643e-03	-1.039270e-02	8.824055e-03
68            	3.372961e-02	3.460716e-02	-8.775566e-04	1.712162e-01	-8.881444e-02	2.600307e-01	-1.744226e-01	1.774236e-02	-9.648272e-03	-1.580977e-03	-1.043876e-02	8.857783e-03
69            	3.369274e-02	3.470604e-02	-1.013299e-03	1.716245e-01	-8.898824e-02	2.606127e-01	-1.748005e-01	1.785967e-02	-9.684774e-03	-1.591454e-03	-1.048050e-02	8.889047e-03
70            	3.366413e-02	3.480843e-02	-1.144295e-03	1.720760e-01	-8.920495e-02	2.612809e-01	-1.752429e-01	1.797636e-02	-9.718142e-03	-1.600251e-03	-1.051827e-02	8.918016e-03
71            	3.364157e-02	3.491093e-02	-1.269367e-03	1.725526e-01	-8.944540e-02	2.619980e-01	-1.757217e-01	1.809015e-02	-9.749213e-03	-1.607082e-03	-1.055275e-02	8.945672e-03
72            	3.362542e-02	3.501211e-02	-1.386687e-03	1.730565e-01	-8.971172e-02	2.627682e-01	-1.762400e-01	1.819940e-02	-9.778210e-03	-1.611573e-03	-1.058400e-02	8.972424e-03
73            	3.361784e-02	3.511283e-02	-1.494981e-03	1.736103e-01	-9.002260e-02	2.636329e-01	-1.768278e-01	1.830390e-02	-9.804885e-03	-1.613798e-03	-1.061178e-02	8.997985e-03
74            	3.361849e-02	3.520954e-02	-1.591052e-03	1.742151e-01	-9.038068e-02	2.645958e-01	-1.774882e-01	1.840030e-02	-9.828648e-03	-1.614363e-03	-1.063583e-02	9.021467e-03
75            	3.362372e-02	3.529667e-02	-1.672956e-03	1.748433e-01	-9.076378e-02	2.656071e-01	-1.781854e-01	1.848481e-02	-9.849550e-03	-1.614481e-03	-1.065679e-02	9.042310e-03
76            	3.363078e-02	3.537197e-02	-1.741191e-03	1.754764e-01	-9.115304e-02	2.666294e-01	-1.788912e-01	1.855658e-02	-9.868215e-03	-1.615125e-03	-1.067578e-02	9.060652e-03
77            	3.363524e-02	3.543091e-02	-1.795663e-03	1.760741e-01	-9.151735e-02	2.675914e-01	-1.795544e-01	1.861328e-02	-9.885343e-03	-1.616824e-03	-1.069376e-02	9.076931e-03
78            	3.363565e-02	3.547150e-02	-1.835847e-03	1.766226e-01	-9.184724e-02	2.684698e-01	-1.801585e-01	1.865367e-02	-9.901183e-03	-1.619439e-03	-1.071090e-02	9.091464e-03
79            	3.365562e-02	3.549682e-02	-1.841204e-03	1.772284e-01	-9.224031e-02	2.694687e-01	-1.808545e-01	1.866901e-02	-9.901302e-03	-1.614253e-03	-1.070843e-02	9.094175e-03
80            	3.367230e-02	3.549989e-02	-1.827585e-03	1.778222e-01	-9.262290e-02	2.704451e-01	-1.815340e-01	1.866374e-02	-9.901073e-03	-1.610968e-03	-1.070656e-02	9.095589e-03
81            	3.366943e-02	3.547887e-02	-1.809446e-03	1.783338e-01	-9.292590e-02	2.712597e-01	-1.820928e-01	1.864416e-02	-9.910460e-03	-1.615387e-03	-1.071815e-02	9.102766e-03
82            	3.364827e-02	3.543351e-02	-1.785241e-03	1.787491e-01	-9.314165e-02	2.718908e-01	-1.825162e-01	1.860938e-02	-9.927279e-03	-1.625940e-03	-1.074025e-02	9.114309e-03
83            	3.361770e-02	3.536746e-02	-1.749758e-03	1.790713e-01	-9.328815e-02	2.723595e-01	-1.828238e-01	1.855861e-02	-9.943690e-03	-1.637545e-03	-1.076246e-02	9.124918e-03
84            	3.358596e-02	3.528390e-02	-1.697945e-03	1.793335e-01	-9.339880e-02	2.727323e-01	-1.830656e-01	1.849092e-02	-9.954728e-03	-1.647237e-03	-1.077835e-02	9.131109e-03
85            	3.355339e-02	3.518797e-02	-1.634577e-03	1.795553e-01	-9.348368e-02	2.730390e-01	-1.832613e-01	1.841127e-02	-9.962257e-03	-1.656031e-03	-1.079027e-02	9.134241e-03
86            	3.351529e-02	3.508546e-02	-1.570170e-03	1.797336e-01	-9.353026e-02	2.732639e-01	-1.833971e-01	1.832782e-02	-9.971424e-03	-1.666631e-03	-1.080474e-02	9.138108e-03
87            	3.346789e-02	3.498028e-02	-1.512385e-03	1.798549e-01	-9.352311e-02	2.733780e-01	-1.834505e-01	1.824633e-02	-9.985371e-03	-1.680461e-03	-1.082560e-02	9.145140e-03
88            	3.341146e-02	3.487383e-02	-1.462368e-03	1.799113e-01	-9.345948e-02	2.733707e-01	-1.834151e-01	1.816810e-02	-1.000350e-02	-1.696793e-03	-1.085190e-02	9.155106e-03
89            	3.334910e-02	3.476751e-02	-1.418410e-03	1.799079e-01	-9.334979e-02	2.732576e-01	-1.833037e-01	1.809296e-02	-1.002349e-02	-1.713938e-03	-1.088046e-02	9.166523e-03
90            	3.328423e-02	3.466621e-02	-1.381973e-03	1.798608e-01	-9.321024e-02	2.730710e-01	-1.831406e-01	1.802409e-02	-1.004391e-02	-1.730600e-03	-1.090921e-02	9.178607e-03
91            	3.321759e-02	3.457034e-02	-1.352745e-03	1.797820e-01	-9.304800e-02	2.728300e-01	-1.829390e-01	1.796154e-02	-1.006518e-02	-1.747055e-03	-1.093871e-02	9.191653e-03
92            	3.314897e-02	3.448293e-02	-1.333960e-03	1.796788e-01	-9.286596e-02	2.725447e-01	-1.827053e-01	1.790845e-02	-1.008853e-02	-1.763793e-03	-1.097042e-02	9.206632e-03
93            	3.307958e-02	3.440901e-02	-1.329428e-03	1.795621e-01	-9.267329e-02	2.722354e-01	-1.824543e-01	1.786922e-02	-1.011423e-02	-1.780569e-03	-1.100452e-02	9.223950e-03
94            	3.301008e-02	3.434720e-02	-1.337120e-03	1.794343e-01	-9.247316e-02	2.719075e-01	-1.821903e-01	1.784216e-02	-1.014180e-02	-1.797111e-03	-1.104036e-02	9.243249e-03
95            	3.294135e-02	3.429499e-02	-1.353641e-03	1.792979e-01	-9.226906e-02	2.715669e-01	-1.819180e-01	1.782432e-02	-1.017036e-02	-1.813072e-03	-1.107690e-02	9.263825e-03
96            	3.287430e-02	3.425117e-02	-1.376870e-03	1.791576e-01	-9.206582e-02	2.712234e-01	-1.816446e-01	1.781402e-02	-1.019922e-02	-1.828194e-03	-1.111332e-02	9.285122e-03
97            	3.281022e-02	3.421606e-02	-1.405843e-03	1.790234e-01	-9.187251e-02	2.708959e-01	-1.813842e-01	1.781095e-02	-1.022783e-02	-1.842229e-03	-1.114895e-02	9.306716e-03
98            	3.274849e-02	3.418912e-02	-1.440624e-03	1.788933e-01	-9.168624e-02	2.705796e-01	-1.811329e-01	1.781487e-02	-1.025658e-02	-1.855424e-03	-1.118429e-02	9.328866e-03
99            	3.268959e-02	3.416994e-02	-1.480346e-03	1.787718e-01	-9.151067e-02	2.702825e-01	-1.808966e-01	1.782514e-02	-1.028519e-02	-1.867679e-03	-1.121902e-02	9.351346e-03
100           	3.263359e-02	3.415758e-02	-1.523988e-03	1.786595e-01	-9.134596e-02	2.700055e-01	-1.806757e-01	1.784078e-02	-1.031343e-02	-1.878949e-03	-1.125290e-02	9.373951e-03
101           	3.258157e-02	3.415005e-02	-1.568473e-03	1.785645e-01	-9.120018e-02	2.697647e-01	-1.804824e-01	1.785926e-02	-1.034037e-02	-1.888934e-03	-1.128483e-02	9.395899e-03
102           	3.253319e-02	3.414598e-02	-1.612789e-03	1.784850e-01	-9.107140e-02	2.695564e-01	-1.803139e-01	1.787939e-02	-1.036601e-02	-1.897770e-03	-1.131490e-02	9.417129e-03
103           	3.248808e-02	3.414428e-02	-1.656192e-03	1.784197e-01	-9.095837e-02	2.693781e-01	-1.801682e-01	1.790023e-02	-1.039042e-02	-1.905626e-03	-1.134323e-02	9.437606e-03
104           	3.244531e-02	3.414539e-02	-1.700077e-03	1.783629e-01	-9.085441e-02	2.692173e-01	-1.800359e-01	1.792273e-02	-1.041419e-02	-1.912807e-03	-1.137060e-02	9.457789e-03
105           	3.240499e-02	3.414841e-02	-1.743418e-03	1.783160e-01	-9.076103e-02	2.690770e-01	-1.799190e-01	1.794591e-02	-1.043707e-02	-1.919296e-03	-1.139672e-02	9.477423e-03
106           	3.236734e-02	3.415194e-02	-1.784605e-03	1.782806e-01	-9.068042e-02	2.689610e-01	-1.798207e-01	1.796827e-02	-1.045864e-02	-1.925028e-03	-1.142116e-02	9.496130e-03
107           	3.233232e-02	3.415458e-02	-1.822261e-03	1.782571e-01	-9.061306e-02	2.688701e-01	-1.797416e-01	1.798842e-02	-1.047865e-02	-1.930026e-03	-1.144367e-02	9.513640e-03
108           	3.229949e-02	3.415572e-02	-1.856223e-03	1.782430e-01	-9.055618e-02	2.687991e-01	-1.796777e-01	1.800597e-02	-1.049723e-02	-1.934434e-03	-1.146445e-02	9.530012e-03
109           	3.226835e-02	3.415538e-02	-1.887028e-03	1.782352e-01	-9.050638e-02	2.687416e-01	-1.796240e-01	1.802120e-02	-1.051467e-02	-1.938426e-03	-1.148388e-02	9.545454e-03
110           	3.223860e-02	3.415308e-02	-1.914477e-03	1.782327e-01	-9.046301e-02	2.686957e-01	-1.795793e-01	1.803378e-02	-1.053100e-02	-1.942083e-03	-1.150204e-02	9.559954e-03
111           	3.221004e-02	3.414939e-02	-1.939350e-03	1.782339e-01	-9.042359e-02	2.686575e-01	-1.795405e-01	1.804437e-02	-1.054659e-02	-1.945504e-03	-1.151935e-02	9.573841e-03
112           	3.218270e-02	3.414338e-02	-1.960674e-03	1.782396e-01	-9.038956e-02	2.686292e-01	-1.795094e-01	1.805203e-02	-1.056129e-02	-1.948672e-03	-1.153562e-02	9.586951e-03
113           	3.215015e-02	3.413343e-02	-1.983272e-03	1.782566e-01	-9.036206e-02	2.686187e-01	-1.794904e-01	1.805835e-02	-1.057916e-02	-1.954688e-03	-1.155650e-02	9.601811e-03
114           	3.211954e-02	3.411879e-02	-1.999256e-03	1.782777e-01	-9.034121e-02	2.686189e-01	-1.794801e-01	1.805902e-02	-1.059515e-02	-1.960030e-03	-1.157516e-02	9.615133e-03
115           	3.209411e-02	3.409954e-02	-2.005434e-03	1.782968e-01	-9.032485e-02	2.686216e-01	-1.794732e-01	1.805249e-02	-1.060664e-02	-1.962561e-03	-1.158792e-02	9.625362e-03
116           	3.207260e-02	3.407613e-02	-2.003533e-03	1.783135e-01	-9.031199e-02	2.686255e-01	-1.794688e-01	1.803983e-02	-1.061468e-02	-1.963000e-03	-1.159618e-02	9.633181e-03
117           	3.205164e-02	3.404854e-02	-1.996897e-03	1.783327e-01	-9.030409e-02	2.686368e-01	-1.794705e-01	1.802272e-02	-1.062200e-02	-1.963489e-03	-1.160374e-02	9.640252e-03
118           	3.202920e-02	3.401634e-02	-1.987145e-03	1.783585e-01	-9.030305e-02	2.686616e-01	-1.794823e-01	1.800174e-02	-1.063023e-02	-1.965372e-03	-1.161292e-02	9.647548e-03
119           	3.200585e-02	3.397931e-02	-1.973458e-03	1.783909e-01	-9.030919e-02	2.687001e-01	-1.795046e-01	1.797638e-02	-1.063889e-02	-1.968305e-03	-1.162304e-02	9.654737e-03
120           	3.198348e-02	3.393754e-02	-1.954058e-03	1.784269e-01	-9.032120e-02	2.687481e-01	-1.795346e-01	1.794580e-02	-1.064638e-02	-1.971056e-03	-1.163191e-02	9.660850e-03
121           	3.196434e-02	3.388605e-02	-1.921710e-03	1.784707e-01	-9.034705e-02	2.688177e-01	-1.795824e-01	1.790388e-02	-1.065075e-02	-1.972886e-03	-1.163719e-02	9.664305e-03
122           	3.194691e-02	3.383043e-02	-1.883528e-03	1.785137e-01	-9.037620e-02	2.688899e-01	-1.796330e-01	1.785698e-02	-1.065337e-02	-1.973931e-03	-1.164034e-02	9.666405e-03
123           	3.192935e-02	3.377406e-02	-1.844708e-03	1.785525e-01	-9.040350e-02	2.689560e-01	-1.796798e-01	1.780938e-02	-1.065586e-02	-1.974859e-03	-1.164329e-02	9.668433e-03
124           	3.191133e-02	3.371594e-02	-1.804613e-03	1.785908e-01	-9.043238e-02	2.690232e-01	-1.797278e-01	1.776028e-02	-1.065851e-02	-1.976086e-03	-1.164655e-02	9.670464e-03
125           	3.189382e-02	3.365290e-02	-1.759075e-03	1.786343e-01	-9.046947e-02	2.691038e-01	-1.797866e-01	1.770599e-02	-1.066036e-02	-1.977472e-03	-1.164909e-02	9.671620e-03
126           	3.187790e-02	3.358296e-02	-1.705065e-03	1.786850e-01	-9.051777e-02	2.692028e-01	-1.798603e-01	1.764401e-02	-1.066044e-02	-1.978615e-03	-1.164975e-02	9.671132e-03
127           	3.186367e-02	3.350678e-02	-1.643113e-03	1.787402e-01	-9.057485e-02	2.693151e-01	-1.799450e-01	1.757495e-02	-1.065866e-02	-1.979305e-03	-1.164832e-02	9.669012e-03
128           	3.185044e-02	3.342651e-02	-1.576069e-03	1.787960e-01	-9.063599e-02	2.694320e-01	-1.800340e-01	1.750129e-02	-1.065571e-02	-1.979663e-03	-1.164554e-02	9.665877e-03
129           	3.183752e-02	3.334374e-02	-1.506217e-03	1.788501e-01	-9.069859e-02	2.695487e-01	-1.801236e-01	1.742498e-02	-1.065222e-02	-1.979924e-03	-1.164219e-02	9.662262e-03
130           	3.182480e-02	3.325855e-02	-1.433747e-03	1.789034e-01	-9.076325e-02	2.696667e-01	-1.802150e-01	1.734615e-02	-1.064831e-02	-1.980197e-03	-1.163841e-02	9.658209e-03
131           	3.181263e-02	3.317010e-02	-1.357478e-03	1.789578e-01	-9.083189e-02	2.697896e-01	-1.803108e-01	1.726379e-02	-1.064361e-02	-1.980401e-03	-1.163381e-02	9.653407e-03
132           	3.180131e-02	3.307799e-02	-1.276688e-03	1.790135e-01	-9.090491e-02	2.699184e-01	-1.804117e-01	1.717734e-02	-1.063782e-02	-1.980406e-03	-1.162802e-02	9.647614e-03
133           	3.179074e-02	3.298279e-02	-1.192050e-03	1.790691e-01	-9.098046e-02	2.700495e-01	-1.805150e-01	1.708742e-02	-1.063103e-02	-1.980187e-03	-1.162113e-02	9.640940e-03
134           	3.178054e-02	3.288572e-02	-1.105179e-03	1.791219e-01	-9.105560e-02	2.701775e-01	-1.806165e-01	1.699545e-02	-1.062365e-02	-1.979827e-03	-1.161356e-02	9.633734e-03
135           	3.177033e-02	3.278785e-02	-1.017520e-03	1.791702e-01	-9.112808e-02	2.702983e-01	-1.807132e-01	1.690269e-02	-1.061603e-02	-1.979437e-03	-1.160575e-02	9.626309e-03
136           	3.175997e-02	3.268972e-02	-9.297556e-04	1.792133e-01	-9.119700e-02	2.704102e-01	-1.808036e-01	1.680974e-02	-1.060830e-02	-1.979061e-03	-1.159783e-02	9.618771e-03
137           	3.174948e-02	3.259159e-02	-8.421121e-04	1.792508e-01	-9.126191e-02	2.705127e-01	-1.808873e-01	1.671685e-02	-1.060040e-02	-1.978671e-03	-1.158974e-02	9.611067e-03
138           	3.173814e-02	3.249712e-02	-7.589722e-04	1.792800e-01	-9.131834e-02	2.705983e-01	-1.809583e-01	1.662804e-02	-1.059366e-02	-1.978511e-03	-1.158292e-02	9.604404e-03
139           	3.172675e-02	3.240323e-02	-6.764786e-04	1.793024e-01	-9.136911e-02	2.706715e-01	-1.810203e-01	1.653985e-02	-1.058649e-02	-1.978190e-03	-1.157559e-02	9.597396e-03
140           	3.171559e-02	3.230869e-02	-5.930952e-04	1.793178e-01	-9.141457e-02	2.707323e-01	-1.810735e-01	1.645089e-02	-1.057815e-02	-1.977560e-03	-1.156693e-02	9.589374e-03
141           	3.170419e-02	3.221524e-02	-5.110539e-04	1.793241e-01	-9.145202e-02	2.707761e-01	-1.811141e-01	1.636315e-02	-1.056934e-02	-1.976824e-03	-1.155775e-02	9.580927e-03
142           	3.169181e-02	3.212573e-02	-4.339214e-04	1.793190e-01	-9.147803e-02	2.707970e-01	-1.811375e-01	1.627982e-02	-1.056128e-02	-1.976298e-03	-1.154943e-02	9.573129e-03
143           	3.167809e-02	3.204168e-02	-3.635893e-04	1.793012e-01	-9.149092e-02	2.707921e-01	-1.811415e-01	1.620263e-02	-1.055459e-02	-1.976105e-03	-1.154265e-02	9.566542e-03
144           	3.166322e-02	3.196275e-02	-2.995332e-04	1.792710e-01	-9.149104e-02	2.707620e-01	-1.811265e-01	1.613114e-02	-1.054899e-02	-1.976118e-03	-1.153704e-02	9.560927e-03
145           	3.164755e-02	3.188792e-02	-2.403657e-04	1.792289e-01	-9.147937e-02	2.707083e-01	-1.810938e-01	1.606414e-02	-1.054381e-02	-1.976141e-03	-1.153188e-02	9.555738e-03
146           	3.163122e-02	3.181683e-02	-1.856079e-04	1.791750e-01	-9.145612e-02	2.706311e-01	-1.810436e-01	1.600122e-02	-1.053878e-02	-1.976106e-03	-1.152684e-02	9.550730e-03
147           	3.161403e-02	3.175017e-02	-1.361388e-04	1.791086e-01	-9.142050e-02	2.705291e-01	-1.809748e-01	1.594315e-02	-1.053419e-02	-1.976113e-03	-1.152224e-02	9.546129e-03
148           	3.159570e-02	3.168894e-02	-9.323486e-05	1.790290e-01	-9.137164e-02	2.704006e-01	-1.808861e-01	1.589109e-02	-1.053049e-02	-1.976302e-03	-1.151864e-02	9.542337e-03
149           	3.157615e-02	3.163362e-02	-5.746633e-05	1.789362e-01	-9.130943e-02	2.702456e-01	-1.807775e-01	1.584554e-02	-1.052789e-02	-1.976712e-03	-1.151625e-02	9.539538e-03
150           	3.155550e-02	3.158394e-02	-2.843511e-05	1.788308e-01	-9.123464e-02	2.700654e-01	-1.806500e-01	1.580619e-02	-1.052625e-02	-1.977272e-03	-1.151488e-02	9.537610e-03
151           	3.153399e-02	3.153930e-02	-5.316021e-06	1.787136e-01	-9.114840e-02	2.698620e-01	-1.805052e-01	1.577231e-02	-1.052523e-02	-1.977872e-03	-1.151416e-02	9.536291e-03
152           	3.151176e-02	3.149930e-02	1.245937e-05	1.785854e-01	-9.105167e-02	2.696370e-01	-1.803444e-01	1.574342e-02	-1.052464e-02	-1.978458e-03	-1.151387e-02	9.535415e-03
153           	3.148882e-02	3.146382e-02	2.500129e-05	1.784466e-01	-9.094506e-02	2.693916e-01	-1.801683e-01	1.571941e-02	-1.052453e-02	-1.979049e-03	-1.151405e-02	9.535001e-03
154           	3.146522e-02	3.143296e-02	3.225852e-05	1.782984e-01	-9.082963e-02	2.691280e-01	-1.799788e-01	1.570035e-02	-1.052499e-02	-1.979684e-03	-1.151483e-02	9.535149e-03
155           	3.144086e-02	3.140635e-02	3.451682e-05	1.781402e-01	-9.070512e-02	2.688453e-01	-1.797752e-01	1.568592e-02	-1.052603e-02	-1.980371e-03	-1.151622e-02	9.535845e-03
156           	3.141591e-02	3.138363e-02	3.228362e-05	1.779731e-01	-9.057286e-02	2.685459e-01	-1.795594e-01	1.567567e-02	-1.052753e-02	-1.981066e-03	-1.151807e-02	9.537001e-03
157           	3.139058e-02	3.136429e-02	2.629015e-05	1.777988e-01	-9.043457e-02	2.682334e-01	-1.793340e-01	1.566900e-02	-1.052933e-02	-1.981707e-03	-1.152019e-02	9.538479e-03
158           	3.136505e-02	3.134775e-02	1.729656e-05	1.776186e-01	-9.029168e-02	2.679103e-01	-1.791010e-01	1.566523e-02	-1.053127e-02	-1.982256e-03	-1.152240e-02	9.540142e-03
159           	3.133938e-02	3.133342e-02	5.955924e-06	1.774333e-01	-9.014513e-02	2.675784e-01	-1.788618e-01	1.566373e-02	-1.053326e-02	-1.982709e-03	-1.152461e-02	9.541903e-03
160           	3.131361e-02	3.132085e-02	-7.235578e-06	1.772433e-01	-8.999555e-02	2.672388e-01	-1.786172e-01	1.566404e-02	-1.053526e-02	-1.983074e-03	-1.152679e-02	9.543718e-03
161           	3.128777e-02	3.130960e-02	-2.182689e-05	1.770491e-01	-8.984362e-02	2.668928e-01	-1.783682e-01	1.566571e-02	-1.053722e-02	-1.983350e-03	-1.152889e-02	9.545545e-03
162           	3.127068e-02	3.130260e-02	-3.191716e-05	1.768708e-01	-8.971277e-02	2.665835e-01	-1.781482e-01	1.566726e-02	-1.053390e-02	-1.979900e-03	-1.152385e-02	9.543955e-03
163           	3.125249e-02	3.129584e-02	-4.334845e-05	1.766888e-01	-8.957912e-02	2.662680e-01	-1.779235e-01	1.566959e-02	-1.053141e-02	-1.976951e-03	-1.151989e-02	9.542936e-03
164           	3.122769e-02	3.128648e-02	-5.878296e-05	1.764921e-01	-8.942924e-02	2.659214e-01	-1.776753e-01	1.567263e-02	-1.053325e-02	-1.977024e-03	-1.152177e-02	9.544742e-03
165           	3.119821e-02	3.127457e-02	-7.635483e-05	1.762843e-01	-8.926813e-02	2.655524e-01	-1.774103e-01	1.567546e-02	-1.053796e-02	-1.979209e-03	-1.152756e-02	9.548355e-03
166           	3.116953e-02	3.126202e-02	-9.248434e-05	1.760756e-01	-8.910892e-02	2.651845e-01	-1.771467e-01	1.567725e-02	-1.054165e-02	-1.980929e-03	-1.153211e-02	9.551181e-03
167           	3.114503e-02	3.125014e-02	-1.051068e-04	1.758727e-01	-8.895967e-02	2.648323e-01	-1.768960e-01	1.567762e-02	-1.054204e-02	-1.980629e-03	-1.153235e-02	9.551724e-03
168           	3.112378e-02	3.123835e-02	-1.145770e-04	1.756747e-01	-8.881897e-02	2.644936e-01	-1.766563e-01	1.567646e-02	-1.053999e-02	-1.978799e-03	-1.152939e-02	9.550586e-03
169           	3.110266e-02	3.122504e-02	-1.223745e-04	1.754770e-01	-8.868050e-02	2.641575e-01	-1.764190e-01	1.567371e-02	-1.053784e-02	-1.976953e-03	-1.152631e-02	9.549361e-03
170           	3.107968e-02	3.120905e-02	-1.293732e-04	1.752762e-01	-8.853991e-02	2.638161e-01	-1.761780e-01	1.566921e-02	-1.053698e-02	-1.976048e-03	-1.152500e-02	9.548954e-03
171           	3.105520e-02	3.119042e-02	-1.352221e-04	1.750722e-01	-8.839755e-02	2.634698e-01	-1.759337e-01	1.566282e-02	-1.053690e-02	-1.975853e-03	-1.152482e-02	9.548972e-03
172           	3.103095e-02	3.116991e-02	-1.389654e-04	1.748674e-01	-8.825662e-02	2.631240e-01	-1.756903e-01	1.565444e-02	-1.053616e-02	-1.975511e-03	-1.152392e-02	9.548409e-03
173           	3.100815e-02	3.114814e-02	-1.399969e-04	1.746638e-01	-8.811966e-02	2.627835e-01	-1.754516e-01	1.564407e-02	-1.053390e-02	-1.974445e-03	-1.152113e-02	9.546681e-03
174           	3.098666e-02	3.112511e-02	-1.384466e-04	1.744618e-01	-8.798674e-02	2.624486e-01	-1.752177e-01	1.563178e-02	-1.053039e-02	-1.972747e-03	-1.151676e-02	9.544014e-03
175           	3.095677e-02	3.109656e-02	-1.397883e-04	1.742395e-01	-8.783244e-02	2.620720e-01	-1.749522e-01	1.561818e-02	-1.053239e-02	-1.974522e-03	-1.151965e-02	9.545129e-03
176           	3.092776e-02	3.106611e-02	-1.383423e-04	1.740175e-01	-8.768145e-02	2.616990e-01	-1.746902e-01	1.560222e-02	-1.053340e-02	-1.975858e-03	-1.152133e-02	9.545471e-03
177           	3.090533e-02	3.103622e-02	-1.308942e-04	1.738088e-01	-8.754880e-02	2.613576e-01	-1.744532e-01	1.558356e-02	-1.052918e-02	-1.974227e-03	-1.151629e-02	9.542066e-03
178           	3.088801e-02	3.100684e-02	-1.188252e-04	1.736106e-01	-8.743032e-02	2.610409e-01	-1.742356e-01	1.556283e-02	-1.052089e-02	-1.970305e-03	-1.150605e-02	9.535741e-03
179           	3.087057e-02	3.097637e-02	-1.057999e-04	1.734120e-01	-8.731224e-02	2.607243e-01	-1.740183e-01	1.554109e-02	-1.051267e-02	-1.966473e-03	-1.149591e-02	9.529432e-03
180           	3.084959e-02	3.094365e-02	-9.406128e-05	1.732056e-01	-8.718564e-02	2.603913e-01	-1.737884e-01	1.551886e-02	-1.050717e-02	-1.964271e-03	-1.148930e-02	9.525033e-03
181           	3.082578e-02	3.090879e-02	-8.300348e-05	1.729922e-01	-8.705206e-02	2.600442e-01	-1.735481e-01	1.549590e-02	-1.050369e-02	-1.963341e-03	-1.148536e-02	9.522017e-03
182           	3.080210e-02	3.087279e-02	-7.068487e-05	1.727771e-01	-8.691859e-02	2.596957e-01	-1.733071e-01	1.547174e-02	-1.049972e-02	-1.962302e-03	-1.148087e-02	9.518571e-03
183           	3.078058e-02	3.083671e-02	-5.613028e-05	1.725646e-01	-8.679003e-02	2.593546e-01	-1.730723e-01	1.544642e-02	-1.049368e-02	-1.960224e-03	-1.147379e-02	9.513569e-03
184           	3.076091e-02	3.080107e-02	-4.015986e-05	1.723545e-01	-8.666552e-02	2.590200e-01	-1.728428e-01	1.542062e-02	-1.048603e-02	-1.957277e-03	-1.146467e-02	9.507390e-03
185           	3.074142e-02	3.076579e-02	-2.437469e-05	1.721440e-01	-8.654097e-02	2.586849e-01	-1.726130e-01	1.539508e-02	-1.047834e-02	-1.954260e-03	-1.145547e-02	9.501205e-03
186           	3.072086e-02	3.073059e-02	-9.731003e-06	1.719305e-01	-8.641327e-02	2.583438e-01	-1.723785e-01	1.537016e-02	-1.047164e-02	-1.951746e-03	-1.144751e-02	9.495762e-03
187           	3.069930e-02	3.069535e-02	3.949068e-06	1.717138e-01	-8.628236e-02	2.579962e-01	-1.721393e-01	1.534570e-02	-1.046573e-02	-1.949682e-03	-1.144057e-02	9.490884e-03
188           	3.067763e-02	3.066030e-02	1.732606e-05	1.714953e-01	-8.615013e-02	2.576454e-01	-1.718978e-01	1.532149e-02	-1.045973e-02	-1.947630e-03	-1.143354e-02	9.485915e-03
189           	3.065658e-02	3.062592e-02	3.065709e-05	1.712761e-01	-8.601811e-02	2.572942e-01	-1.716562e-01	1.529763e-02	-1.045306e-02	-1.945251e-03	-1.142569e-02	9.480438e-03
190           	3.063615e-02	3.059264e-02	4.351146e-05	1.710566e-01	-8.588622e-02	2.569428e-01	-1.714145e-01	1.527456e-02	-1.044586e-02	-1.942557e-03	-1.141714e-02	9.474586e-03
191           	3.061585e-02	3.056063e-02	5.522228e-05	1.708362e-01	-8.575326e-02	2.565894e-01	-1.711713e-01	1.525270e-02	-1.043868e-02	-1.939790e-03	-1.140857e-02	9.468784e-03
192           	3.059525e-02	3.052984e-02	6.541382e-05	1.706139e-01	-8.561820e-02	2.562321e-01	-1.709252e-01	1.523221e-02	-1.043190e-02	-1.937159e-03	-1.140048e-02	9.463325e-03
193           	3.057430e-02	3.050018e-02	7.411931e-05	1.703897e-01	-8.548090e-02	2.558706e-01	-1.706757e-01	1.521303e-02	-1.042551e-02	-1.934677e-03	-1.139285e-02	9.458176e-03
194           	3.055325e-02	3.047172e-02	8.153012e-05	1.701638e-01	-8.534183e-02	2.555056e-01	-1.704237e-01	1.519509e-02	-1.041923e-02	-1.932218e-03	-1.138534e-02	9.453118e-03
195           	3.053234e-02	3.044463e-02	8.770346e-05	1.699367e-01	-8.520150e-02	2.551382e-01	-1.701699e-01	1.517846e-02	-1.041283e-02	-1.929665e-03	-1.137767e-02	9.448000e-03
196           	3.051161e-02	3.041912e-02	9.249054e-05	1.697087e-01	-8.506001e-02	2.547687e-01	-1.699144e-01	1.516331e-02	-1.040636e-02	-1.927008e-03	-1.136987e-02	9.442860e-03
197           	3.049093e-02	3.039526e-02	9.567049e-05	1.694797e-01	-8.491714e-02	2.543969e-01	-1.696570e-01	1.514979e-02	-1.040001e-02	-1.924320e-03	-1.136217e-02	9.437850e-03
198           	3.047015e-02	3.037302e-02	9.713871e-05	1.692497e-01	-8.477267e-02	2.540223e-01	-1.693975e-01	1.513794e-02	-1.039392e-02	-1.921671e-03	-1.135476e-02	9.433085e-03
199           	3.044926e-02	3.035230e-02	9.695705e-05	1.690185e-01	-8.462664e-02	2.536451e-01	-1.691359e-01	1.512767e-02	-1.038811e-02	-1.919079e-03	-1.134765e-02	9.428571e-03
200           	3.042832e-02	3.033304e-02	9.527293e-05	1.687865e-01	-8.447934e-02	2.532658e-01	-1.688726e-01	1.511888e-02	-1.038250e-02	-1.916515e-03	-1.134076e-02	9.424245e-03
201           	3.040740e-02	3.031520e-02	9.220100e-05	1.685540e-01	-8.433108e-02	2.528850e-01	-1.686081e-01	1.511150e-02	-1.037703e-02	-1.913943e-03	-1.133400e-02	9.420056e-03
202           	3.038655e-02	3.029880e-02	8.774607e-05	1.683210e-01	-8.418201e-02	2.525030e-01	-1.683425e-01	1.510553e-02	-1.037169e-02	-1.911358e-03	-1.132737e-02	9.416011e-03
203           	3.036572e-02	3.028386e-02	8.186000e-05	1.680878e-01	-8.403214e-02	2.521200e-01	-1.680761e-01	1.510100e-02	-1.036654e-02	-1.908775e-03	-1.132093e-02	9.412152e-03
204           	3.034487e-02	3.027036e-02	7.451219e-05	1.678544e-01	-8.388146e-02	2.517358e-01	-1.678086e-01	1.509792e-02	-1.036162e-02	-1.906218e-03	-1.131473e-02	9.408515e-03
205           	3.032400e-02	3.025832e-02	6.568355e-05	1.676206e-01	-8.373001e-02	2.513507e-01	-1.675403e-01	1.509632e-02	-1.035695e-02	-1.903691e-03	-1.130879e-02	9.405104e-03
206           	3.030313e-02	3.024776e-02	5.536699e-05	1.673868e-01	-8.357788e-02	2.509647e-01	-1.672713e-01	1.509620e-02	-1.035249e-02	-1.901185e-03	-1.130308e-02	9.401898e-03
207           	3.028227e-02	3.023869e-02	4.358076e-05	1.671529e-01	-8.342517e-02	2.505781e-01	-1.670016e-01	1.509756e-02	-1.034822e-02	-1.898686e-03	-1.129756e-02	9.398873e-03
208           	3.026146e-02	3.023111e-02	3.034829e-05	1.669191e-01	-8.327200e-02	2.501911e-01	-1.667316e-01	1.510038e-02	-1.034412e-02	-1.896190e-03	-1.129221e-02	9.396023e-03
209           	3.024068e-02	3.022504e-02	1.563861e-05	1.666855e-01	-8.311839e-02	2.498039e-01	-1.664612e-01	1.510470e-02	-1.034020e-02	-1.893697e-03	-1.128705e-02	9.393355e-03
210           	3.021994e-02	3.022053e-02	-5.939513e-07	1.664521e-01	-8.296434e-02	2.494165e-01	-1.661904e-01	1.511056e-02	-1.033648e-02	-1.891210e-03	-1.128208e-02	9.390871e-03
211           	3.019923e-02	3.021758e-02	-1.834909e-05	1.662190e-01	-8.280988e-02	2.490288e-01	-1.659194e-01	1.511796e-02	-1.033293e-02	-1.888732e-03	-1.127730e-02	9.388567e-03
212           	3.017857e-02	3.021619e-02	-3.762054e-05	1.659861e-01	-8.265502e-02	2.486411e-01	-1.656481e-01	1.512690e-02	-1.032955e-02	-1.886258e-03	-1.127268e-02	9.386425e-03
213           	3.015797e-02	3.021637e-02	-5.840041e-05	1.657536e-01	-8.249983e-02	2.482534e-01	-1.653766e-01	1.513738e-02	-1.032633e-02	-1.883782e-03	-1.126822e-02	9.384436e-03
214           	3.013744e-02	3.021810e-02	-8.065822e-05	1.655216e-01	-8.234443e-02	2.478661e-01	-1.651052e-01	1.514938e-02	-1.032324e-02	-1.881301e-03	-1.126389e-02	9.382589e-03
215           	3.011701e-02	3.022135e-02	-1.043478e-04	1.652903e-01	-8.218893e-02	2.474793e-01	-1.648341e-01	1.516285e-02	-1.032029e-02	-1.878815e-03	-1.125970e-02	9.380880e-03
216           	3.009667e-02	3.022609e-02	-1.294262e-04	1.650598e-01	-8.203342e-02	2.470932e-01	-1.645633e-01	1.517776e-02	-1.031747e-02	-1.876324e-03	-1.125563e-02	9.379303e-03
217           	3.008434e-02	3.023190e-02	-1.475635e-04	1.648523e-01	-8.190493e-02	2.467572e-01	-1.643311e-01	1.518973e-02	-1.030727e-02	-1.870595e-03	-1.124257e-02	9.371970e-03
218           	3.007095e-02	3.023916e-02	-1.682137e-04	1.646444e-01	-8.177336e-02	2.464177e-01	-1.640955e-01	1.520369e-02	-1.029856e-02	-1.865452e-03	-1.123129e-02	9.365838e-03
219           	3.005125e-02	3.024807e-02	-1.968202e-04	1.644216e-01	-8.162115e-02	2.460427e-01	-1.638319e-01	1.522245e-02	-1.029648e-02	-1.863098e-03	-1.122803e-02	9.364933e-03
220           	3.002710e-02	3.025846e-02	-2.313617e-04	1.641878e-01	-8.145417e-02	2.456419e-01	-1.635481e-01	1.524491e-02	-1.029902e-02	-1.862690e-03	-1.123036e-02	9.367675e-03
221           	3.000368e-02	3.027003e-02	-2.663434e-04	1.639560e-01	-8.128934e-02	2.452453e-01	-1.632673e-01	1.526819e-02	-1.030083e-02	-1.861965e-03	-1.123181e-02	9.369845e-03
222           	2.998412e-02	3.028268e-02	-2.985568e-04	1.637344e-01	-8.113670e-02	2.448711e-01	-1.630039e-01	1.529062e-02	-1.029880e-02	-1.859598e-03	-1.122860e-02	9.369002e-03
223           	2.996746e-02	3.029647e-02	-3.290041e-04	1.635212e-01	-8.099341e-02	2.445146e-01	-1.627540e-01	1.531274e-02	-1.029408e-02	-1.856037e-03	-1.122210e-02	9.366058e-03
224           	2.995080e-02	3.031144e-02	-3.606420e-04	1.633099e-01	-8.085050e-02	2.441604e-01	-1.625055e-01	1.533604e-02	-1.028979e-02	-1.852587e-03	-1.121609e-02	9.363499e-03
225           	2.993228e-02	3.032756e-02	-3.952773e-04	1.630959e-01	-8.070218e-02	2.437981e-01	-1.622501e-01	1.536142e-02	-1.028782e-02	-1.850050e-03	-1.121285e-02	9.362798e-03
226           	2.991230e-02	3.034471e-02	-4.324141e-04	1.628794e-01	-8.054945e-02	2.434289e-01	-1.619892e-01	1.538856e-02	-1.028758e-02	-1.848218e-03	-1.121169e-02	9.363475e-03
227           	2.989245e-02	3.036281e-02	-4.703600e-04	1.626639e-01	-8.039713e-02	2.430610e-01	-1.617291e-01	1.541658e-02	-1.028727e-02	-1.846364e-03	-1.121045e-02	9.364088e-03
228           	2.987384e-02	3.038181e-02	-5.079691e-04	1.624521e-01	-8.024865e-02	2.427008e-01	-1.614747e-01	1.544489e-02	-1.028574e-02	-1.844004e-03	-1.120774e-02	9.363734e-03
229           	2.985636e-02	3.040172e-02	-5.453689e-04	1.622443e-01	-8.010382e-02	2.423481e-01	-1.612260e-01	1.547355e-02	-1.028324e-02	-1.841221e-03	-1.120385e-02	9.362634e-03
230           	2.983914e-02	3.042253e-02	-5.833955e-04	1.620387e-01	-7.996022e-02	2.419989e-01	-1.609796e-01	1.550296e-02	-1.028081e-02	-1.838419e-03	-1.120002e-02	9.361601e-03
231           	2.982152e-02	3.044416e-02	-6.226424e-04	1.618339e-01	-7.981589e-02	2.416498e-01	-1.607328e-01	1.553340e-02	-1.027913e-02	-1.835894e-03	-1.119708e-02	9.361184e-03
232           	2.980351e-02	3.046653e-02	-6.630237e-04	1.616295e-01	-7.967073e-02	2.413002e-01	-1.604855e-01	1.556478e-02	-1.027811e-02	-1.833632e-03	-1.119493e-02	9.361297e-03
233           	2.978552e-02	3.048958e-02	-7.040622e-04	1.614262e-01	-7.952596e-02	2.409522e-01	-1.602391e-01	1.559682e-02	-1.027724e-02	-1.831433e-03	-1.119295e-02	9.361519e-03
234           	2.976794e-02	3.051327e-02	-7.453295e-04	1.612252e-01	-7.938281e-02	2.406080e-01	-1.599954e-01	1.562930e-02	-1.027609e-02	-1.829125e-03	-1.119065e-02	9.361525e-03
235           	2.975082e-02	3.053755e-02	-7.867281e-04	1.610266e-01	-7.924161e-02	2.402683e-01	-1.597549e-01	1.566214e-02	-1.027468e-02	-1.826698e-03	-1.118803e-02	9.361327e-03
236           	2.973396e-02	3.056236e-02	-8.284071e-04	1.608304e-01	-7.910186e-02	2.399323e-01	-1.595171e-01	1.569539e-02	-1.027329e-02	-1.824262e-03	-1.118542e-02	9.361154e-03
237           	2.971712e-02	3.058764e-02	-8.705174e-04	1.606360e-01	-7.896296e-02	2.395990e-01	-1.592810e-01	1.572908e-02	-1.027216e-02	-1.821920e-03	-1.118312e-02	9.361199e-03
238           	2.970027e-02	3.061332e-02	-9.130525e-04	1.604432e-01	-7.882471e-02	2.392679e-01	-1.590463e-01	1.576319e-02	-1.027132e-02	-1.819690e-03	-1.118116e-02	9.361474e-03
239           	2.968349e-02	3.063934e-02	-9.558528e-04	1.602521e-01	-7.868743e-02	2.389395e-01	-1.588135e-01	1.579760e-02	-1.027063e-02	-1.817525e-03	-1.117939e-02	9.361867e-03
240           	2.966691e-02	3.066566e-02	-9.987534e-04	1.600630e-01	-7.855153e-02	2.386145e-01	-1.585830e-01	1.583221e-02	-1.026996e-02	-1.815372e-03	-1.117764e-02	9.362272e-03
241           	2.965056e-02	3.069226e-02	-1.041705e-03	1.598761e-01	-7.841715e-02	2.382932e-01	-1.583552e-01	1.586698e-02	-1.026929e-02	-1.813219e-03	-1.117590e-02	9.362681e-03
242           	2.963439e-02	3.071914e-02	-1.084753e-03	1.596913e-01	-7.828416e-02	2.379754e-01	-1.581298e-01	1.590195e-02	-1.026870e-02	-1.811091e-03	-1.117425e-02	9.363156e-03
243           	2.961833e-02	3.074630e-02	-1.127966e-03	1.595084e-01	-7.815231e-02	2.376608e-01	-1.579065e-01	1.593713e-02	-1.026827e-02	-1.809021e-03	-1.117278e-02	9.363757e-03
244           	2.960235e-02	3.077376e-02	-1.171403e-03	1.593274e-01	-7.802146e-02	2.373488e-01	-1.576851e-01	1.597258e-02	-1.026801e-02	-1.807016e-03	-1.117151e-02	9.364499e-03
245           	2.958647e-02	3.080155e-02	-1.215081e-03	1.591480e-01	-7.789156e-02	2.370396e-01	-1.574656e-01	1.600832e-02	-1.026789e-02	-1.805065e-03	-1.117042e-02	9.365353e-03
246           	2.957072e-02	3.082972e-02	-1.258993e-03	1.589705e-01	-7.776270e-02	2.367332e-01	-1.572479e-01	1.604435e-02	-1.026787e-02	-1.803152e-03	-1.116944e-02	9.366291e-03
247           	2.955511e-02	3.085827e-02	-1.303159e-03	1.587946e-01	-7.763485e-02	2.364295e-01	-1.570322e-01	1.608071e-02	-1.026794e-02	-1.801271e-03	-1.116858e-02	9.367309e-03
248           	2.953963e-02	3.088726e-02	-1.347635e-03	1.586205e-01	-7.750791e-02	2.361285e-01	-1.568182e-01	1.611745e-02	-1.026814e-02	-1.799426e-03	-1.116785e-02	9.368423e-03
249           	2.952424e-02	3.091673e-02	-1.392488e-03	1.584480e-01	-7.738170e-02	2.358297e-01	-1.566057e-01	1.615461e-02	-1.026847e-02	-1.797625e-03	-1.116728e-02	9.369655e-03
250           	2.950895e-02	3.094674e-02	-1.437791e-03	1.582769e-01	-7.725607e-02	2.355330e-01	-1.563945e-01	1.619227e-02	-1.026895e-02	-1.795872e-03	-1.116688e-02	9.371013e-03
251           	2.949374e-02	3.097734e-02	-1.483597e-03	1.581073e-01	-7.713094e-02	2.352382e-01	-1.561846e-01	1.623047e-02	-1.026958e-02	-1.794164e-03	-1.116666e-02	9.372497e-03
252           	2.947863e-02	3.100854e-02	-1.529916e-03	1.579390e-01	-7.700631e-02	2.349453e-01	-1.559758e-01	1.626923e-02	-1.027034e-02	-1.792495e-03	-1.116659e-02	9.374096e-03
253           	2.946360e-02	3.104037e-02	-1.576770e-03	1.577721e-01	-7.688212e-02	2.346542e-01	-1.557682e-01	1.630857e-02	-1.027124e-02	-1.790864e-03	-1.116667e-02	9.375810e-03
254           	2.944867e-02	3.107288e-02	-1.624214e-03	1.576064e-01	-7.675828e-02	2.343647e-01	-1.555615e-01	1.634855e-02	-1.027229e-02	-1.789270e-03	-1.116692e-02	9.377652e-03
255           	2.943380e-02	3.110611e-02	-1.672302e-03	1.574420e-01	-7.663466e-02	2.340767e-01	-1.553557e-01	1.638920e-02	-1.027349e-02	-1.787716e-03	-1.116735e-02	9.379630e-03
256           	2.941900e-02	3.114008e-02	-1.721085e-03	1.572787e-01	-7.651115e-02	2.337899e-01	-1.551505e-01	1.643058e-02	-1.027485e-02	-1.786204e-03	-1.116796e-02	9.381752e-03
257           	2.940424e-02	3.117483e-02	-1.770594e-03	1.571164e-01	-7.638766e-02	2.335041e-01	-1.549459e-01	1.647271e-02	-1.027639e-02	-1.784735e-03	-1.116876e-02	9.384022e-03
258           	2.938952e-02	3.121037e-02	-1.820854e-03	1.569551e-01	-7.626413e-02	2.332192e-01	-1.547417e-01	1.651561e-02	-1.027810e-02	-1.783309e-03	-1.116975e-02	9.386442e-03
259           	2.937485e-02	3.124675e-02	-1.871902e-03	1.567947e-01	-7.614053e-02	2.329353e-01	-1.545379e-01	1.655933e-02	-1.027998e-02	-1.781925e-03	-1.117094e-02	9.389013e-03
260           	2.936022e-02	3.128401e-02	-1.923789e-03	1.566353e-01	-7.601678e-02	2.326521e-01	-1.543344e-01	1.660390e-02	-1.028203e-02	-1.780581e-03	-1.117232e-02	9.391744e-03
261           	2.934562e-02	3.132217e-02	-1.976550e-03	1.564767e-01	-7.589282e-02	2.323695e-01	-1.541312e-01	1.664936e-02	-1.028428e-02	-1.779279e-03	-1.117392e-02	9.394643e-03
262           	2.933105e-02	3.136126e-02	-2.030205e-03	1.563190e-01	-7.576860e-02	2.320876e-01	-1.539281e-01	1.669573e-02	-1.028673e-02	-1.778019e-03	-1.117574e-02	9.397717e-03
263           	2.931650e-02	3.140126e-02	-2.084761e-03	1.561620e-01	-7.564406e-02	2.318060e-01	-1.537250e-01	1.674301e-02	-1.028937e-02	-1.776803e-03	-1.117778e-02	9.400972e-03
264           	2.930195e-02	3.144217e-02	-2.140218e-03	1.560057e-01	-7.551920e-02	2.315249e-01	-1.535220e-01	1.679119e-02	-1.029222e-02	-1.775631e-03	-1.118004e-02	9.404408e-03
265           	2.928741e-02	3.148400e-02	-2.196584e-03	1.558501e-01	-7.539400e-02	2.312441e-01	-1.533191e-01	1.684029e-02	-1.029528e-02	-1.774503e-03	-1.118253e-02	9.408024e-03
266           	2.927288e-02	3.152673e-02	-2.253857e-03	1.556953e-01	-7.526846e-02	2.309637e-01	-1.531161e-01	1.689030e-02	-1.029853e-02	-1.773419e-03	-1.118524e-02	9.411823e-03
267           	2.925834e-02	3.157036e-02	-2.312020e-03	1.555412e-01	-7.514261e-02	2.306838e-01	-1.529132e-01	1.694119e-02	-1.030200e-02	-1.772380e-03	-1.118819e-02	9.415809e-03
268           	2.924381e-02	3.161485e-02	-2.371042e-03	1.553878e-01	-7.501651e-02	2.304043e-01	-1.527104e-01	1.699295e-02	-1.030568e-02	-1.771387e-03	-1.119137e-02	9.419986e-03
269           	2.922928e-02	3.166016e-02	-2.430879e-03	1.552352e-01	-7.489021e-02	2.301254e-01	-1.525078e-01	1.704552e-02	-1.030957e-02	-1.770442e-03	-1.119479e-02	9.424352e-03
270           	2.920902e-02	3.170859e-02	-2.499574e-03	1.550780e-01	-7.474595e-02	2.298240e-01	-1.522850e-01	1.710408e-02	-1.032209e-02	-1.772615e-03	-1.120840e-02	9.435787e-03
271           	2.919633e-02	3.175225e-02	-2.555913e-03	1.549370e-01	-7.463008e-02	2.295671e-01	-1.520986e-01	1.715408e-02	-1.032454e-02	-1.771247e-03	-1.121016e-02	9.438916e-03
272           	2.918722e-02	3.179551e-02	-2.608289e-03	1.547986e-01	-7.452442e-02	2.293230e-01	-1.519237e-01	1.720190e-02	-1.032175e-02	-1.767924e-03	-1.120571e-02	9.437788e-03
273           	2.917064e-02	3.184460e-02	-2.673961e-03	1.546472e-01	-7.439126e-02	2.290384e-01	-1.517148e-01	1.725928e-02	-1.032959e-02	-1.768289e-03	-1.121373e-02	9.445445e-03
274           	2.915681e-02	3.189219e-02	-2.735382e-03	1.545014e-01	-7.426827e-02	2.287697e-01	-1.515190e-01	1.731379e-02	-1.033376e-02	-1.767343e-03	-1.121743e-02	9.450086e-03
275           	2.913910e-02	3.194212e-02	-2.803015e-03	1.543530e-01	-7.413323e-02	2.284863e-01	-1.513097e-01	1.737257e-02	-1.034392e-02	-1.768532e-03	-1.122819e-02	9.459658e-03
276           	2.912745e-02	3.198786e-02	-2.860410e-03	1.542166e-01	-7.402120e-02	2.282378e-01	-1.511295e-01	1.742414e-02	-1.034569e-02	-1.766796e-03	-1.122909e-02	9.462296e-03
277           	2.911252e-02	3.203635e-02	-2.923831e-03	1.540758e-01	-7.389768e-02	2.279735e-01	-1.509356e-01	1.748009e-02	-1.035241e-02	-1.766771e-03	-1.123580e-02	9.469029e-03
278           	2.910155e-02	3.208275e-02	-2.981202e-03	1.539404e-01	-7.378793e-02	2.277283e-01	-1.507581e-01	1.753198e-02	-1.035340e-02	-1.764695e-03	-1.123575e-02	9.471056e-03
279           	2.908583e-02	3.213286e-02	-3.047024e-03	1.537985e-01	-7.366133e-02	2.274598e-01	-1.505606e-01	1.758994e-02	-1.036152e-02	-1.765076e-03	-1.124406e-02	9.478985e-03
280           	2.906888e-02	3.218271e-02	-3.113823e-03	1.536598e-01	-7.353324e-02	2.271931e-01	-1.503631e-01	1.764827e-02	-1.037207e-02	-1.766368e-03	-1.125525e-02	9.488887e-03
281           	2.905894e-02	3.222671e-02	-3.167766e-03	1.535342e-01	-7.343258e-02	2.269668e-01	-1.501997e-01	1.769724e-02	-1.037254e-02	-1.764197e-03	-1.125464e-02	9.490440e-03
282           	2.904592e-02	3.227352e-02	-3.227601e-03	1.534035e-01	-7.332068e-02	2.267242e-01	-1.500224e-01	1.775056e-02	-1.037760e-02	-1.763576e-03	-1.125938e-02	9.495808e-03
283           	2.903090e-02	3.232170e-02	-3.290805e-03	1.532717e-01	-7.320253e-02	2.264742e-01	-1.498384e-01	1.780625e-02	-1.038594e-02	-1.764095e-03	-1.126798e-02	9.503889e-03
284           	2.901644e-02	3.236830e-02	-3.351858e-03	1.531450e-01	-7.308915e-02	2.262342e-01	-1.496617e-01	1.786008e-02	-1.039395e-02	-1.764565e-03	-1.127623e-02	9.511668e-03
285           	2.900399e-02	3.241199e-02	-3.407997e-03	1.530256e-01	-7.298612e-02	2.260117e-01	-1.494989e-01	1.790999e-02	-1.039942e-02	-1.764230e-03	-1.128153e-02	9.517304e-03
286           	2.899304e-02	3.245378e-02	-3.460743e-03	1.529102e-01	-7.289039e-02	2.258006e-01	-1.493455e-01	1.795726e-02	-1.040284e-02	-1.763221e-03	-1.128445e-02	9.521232e-03
287           	2.898223e-02	3.249530e-02	-3.513074e-03	1.527952e-01	-7.279593e-02	2.255911e-01	-1.491935e-01	1.800419e-02	-1.040610e-02	-1.762149e-03	-1.128717e-02	9.525025e-03
288           	2.897073e-02	3.253713e-02	-3.566401e-03	1.526800e-01	-7.269980e-02	2.253798e-01	-1.490398e-01	1.805177e-02	-1.041049e-02	-1.761465e-03	-1.129123e-02	9.529761e-03
289           	2.895876e-02	3.257854e-02	-3.619777e-03	1.525666e-01	-7.260380e-02	2.251704e-01	-1.488871e-01	1.809916e-02	-1.041590e-02	-1.761162e-03	-1.129648e-02	9.535321e-03
290           	2.894708e-02	3.261831e-02	-3.671224e-03	1.524576e-01	-7.251177e-02	2.249694e-01	-1.487406e-01	1.814477e-02	-1.042130e-02	-1.760930e-03	-1.130177e-02	9.540837e-03
291           	2.893624e-02	3.265577e-02	-3.719525e-03	1.523539e-01	-7.242608e-02	2.247800e-01	-1.486030e-01	1.818765e-02	-1.042584e-02	-1.760487e-03	-1.130608e-02	9.545594e-03
292           	2.892626e-02	3.269108e-02	-3.764824e-03	1.522547e-01	-7.234636e-02	2.246011e-01	-1.484737e-01	1.822795e-02	-1.042940e-02	-1.759783e-03	-1.130929e-02	9.549508e-03
293           	2.891679e-02	3.272473e-02	-3.807945e-03	1.521589e-01	-7.227091e-02	2.244298e-01	-1.483504e-01	1.826634e-02	-1.043243e-02	-1.758958e-03	-1.131191e-02	9.552955e-03
294           	2.890755e-02	3.275699e-02	-3.849444e-03	1.520660e-01	-7.219855e-02	2.242645e-01	-1.482315e-01	1.830322e-02	-1.043541e-02	-1.758168e-03	-1.131449e-02	9.556323e-03
295           	2.889850e-02	3.278770e-02	-3.889202e-03	1.519766e-01	-7.212943e-02	2.241061e-01	-1.481178e-01	1.833845e-02	-1.043843e-02	-1.757464e-03	-1.131716e-02	9.559696e-03
296           	2.888981e-02	3.281649e-02	-3.926676e-03	1.518916e-01	-7.206459e-02	2.239562e-01	-1.480104e-01	1.837158e-02	-1.044128e-02	-1.756785e-03	-1.131967e-02	9.562884e-03
297           	2.888168e-02	3.284309e-02	-3.961415e-03	1.518113e-01	-7.200487e-02	2.238162e-01	-1.479105e-01	1.840225e-02	-1.044367e-02	-1.756041e-03	-1.132169e-02	9.565645e-03
298           	2.887417e-02	3.286752e-02	-3.993344e-03	1.517357e-01	-7.195038e-02	2.236860e-01	-1.478182e-01	1.843043e-02	-1.044546e-02	-1.755185e-03	-1.132306e-02	9.567871e-03
299           	2.886723e-02	3.288994e-02	-4.022704e-03	1.516642e-01	-7.190062e-02	2.235648e-01	-1.477327e-01	1.845632e-02	-1.044674e-02	-1.754236e-03	-1.132386e-02	9.569621e-03
300           	2.886076e-02	3.291055e-02	-4.049794e-03	1.515966e-01	-7.185498e-02	2.234516e-01	-1.476533e-01	1.848017e-02	-1.044765e-02	-1.753241e-03	-1.132427e-02	9.571026e-03